3.086 1.70112
4.92773 1.2658
15.519 -1.23326
11.9877 -1.7051
19.8745 0.308958
0.889854 1.11941
7.8062 0.194206
1.08496 1.18224
10.4011 -0.750246
6.6952 0.968248
4.80658 1.22935
2.45242 1.53602
15.5592 -1.30762
17.0286 -0.958823
9.42395 -0.256525
13.6967 -1.64906
9.21287 -0.313882
18.6879 -0.0978542
10.031 -1.02634
1.09461 1.24291
14.5404 -1.3384
7.5418 0.775089
1.7147 1.16746
4.27639 1.54354
4.71746 1.41694
18.7874 -0.0418372
9.21217 -0.127011
16.6886 -0.954014
6.80453 0.731157
7.53119 0.437046
12.4534 -1.53392
16.7348 -1.18399
18.4394 -0.415138
14.0643 -1.44948
7.90455 0.22459
18.0529 -0.419706
14.9509 -1.42401
6.12384 0.940638
11.326 -1.34664
11.4478 -1.26691
10.4485 -0.452985
18.9897 0.173077
10.5578 -1.02173
8.07222 0.623053
6.62452 0.851687
8.41925 0.132557
0.63782 0.984716
9.14617 -0.102495
13.3101 -1.46833
16.6325 -1.00164
