0.25 0 0.499191 0.0499191
0.5 0 0.116502 0.0116502
0.75 0 0.0840816 0.00840816
1 0 0.0926789 0.00926789
1.25 0 0.0469334 0.00469334
1.5 0 0.0446661 0.00446661
1.75 0 0.0509003 0.00509003
2 0 0.0367659 0.00367659
2.25 0 0.0288978 0.00288978
2.5 0 0.0282139 0.00282139
2.75 0 0.0254173 0.00254173
3 0 0.0216387 0.00216387
3.25 0 0.0163405 0.00163405
3.5 0 0.0192472 0.00192472
3.75 0 0.0151459 0.00151459
4 0 0.0111098 0.00111098
4.25 0 0.0124938 0.00124938
4.5 0 0.0110285 0.00110285
4.75 0 0.00913513 0.000913513
5 0 0.00840881 0.000840881
