0.0150 68.0300 5.0582
0.0150 66.4174 6.5268
0.0150 75.1544 7.5224
0.0150 61.6649 5.0581
0.0151 80.3850 7.9102
0.0152 66.1201 6.5539
0.0152 63.5888 6.2981
0.0152 71.0680 7.9030
0.0153 87.3851 8.5814
0.0154 61.4030 4.2046
0.0160 58.1998 5.5737
0.0160 68.3602 6.9609
0.0163 77.7411 7.6217
0.0163 63.6040 6.0036
0.0163 64.3881 4.2376
0.0164 68.5898 7.9250
0.0166 73.9208 8.5505
0.0167 70.0273 6.7550
0.0167 63.1750 7.2263
0.0170 75.1198 10.7203
0.0172 71.1433 8.1322
0.0172 85.2853 7.8290
0.0173 70.7859 7.0252
0.0173 70.1477 7.1390
0.0176 73.9195 9.2473
0.0179 74.1249 5.3052
0.0183 74.8774 5.5332
0.0187 102.2492 9.2855
0.0189 74.9791 7.2363
0.0192 79.1248 7.1817
0.0192 88.5800 8.0705
0.0193 97.8414 10.8424
0.0195 89.4092 8.1330
0.0196 82.6121 7.0264
0.0204 85.3668 5.7241
0.0205 83.8409 7.3905
0.0208 91.0105 8.4507
0.0209 87.2127 7.8007
0.0211 85.5350 7.4209
0.0212 93.2024 8.2207
0.0215 96.9499 8.3508
0.0218 98.8001 10.5762
0.0219 93.2821 8.0927
0.0220 93.4533 8.0713
0.0221 96.0086 8.3988
0.0221 96.4775 8.3978
0.0224 97.5927 10.7419
0.0229 109.4897 9.3512
0.0229 106.5921 8.9839
0.0230 106.3596 6.6437
0.0230 103.3067 8.8892
0.0232 104.0180 11.0884
0.0233 109.5649 9.3717
0.0233 94.7165 8.0007
0.0235 108.1234 11.6863
0.0239 101.6237 8.4891
0.0240 98.5694 4.8589
0.0240 108.4519 9.7647
0.0242 102.4389 6.2916
0.0242 109.1129 9.0535
0.0243 105.1717 8.7985
0.0245 102.7151 4.8455
0.0247 96.1034 8.0380
0.0248 112.5215 9.5659
0.0249 91.3569 8.1418
0.0251 97.6461 8.0592
0.0255 139.3268 12.5866
0.0256 137.0706 11.7519
0.0259 121.1138 9.9553
0.0260 119.1952 10.0964
0.0260 118.4275 5.9173
0.0261 118.0548 10.4638
0.0265 124.7777 10.9932
0.0266 116.0643 9.4989
0.0268 112.7276 6.6386
0.0273 104.0287 8.4082
0.0275 134.8780 10.9546
0.0276 124.4785 7.3443
0.0277 138.3569 11.6790
0.0279 104.3940 10.6932
0.0283 127.0732 10.5408
0.0284 128.7152 7.4212
0.0285 117.3050 12.0956
0.0292 157.9477 12.7160
0.0298 124.2179 6.9919
0.0300 156.4774 16.1681
0.0303 133.5526 10.8705
0.0305 131.7799 5.3860
0.0306 128.8391 10.2821
0.0308 131.4319 10.4404
0.0308 133.5968 10.9740
0.0308 143.1618 11.4261
0.0309 153.4245 12.9785
0.0312 133.4633 11.0765
0.0312 150.1660 12.0164
0.0315 134.9669 10.6280
0.0315 139.8794 14.5171
0.0320 131.1292 10.4739
0.0320 146.3316 13.0130
0.0321 151.0772 12.0950
0.0321 149.3043 11.9459
0.0321 134.7769 10.8633
0.0321 119.0215 6.9891
0.0325 145.4180 11.4109
0.0327 165.5135 12.9190
0.0329 154.2957 12.1074
0.0329 156.1602 8.4941
0.0334 149.9644 12.1391
0.0335 156.5909 12.2945
0.0336 158.8835 13.7938
0.0337 147.4819 12.2074
0.0341 147.3605 11.8909
0.0341 154.3505 12.2853
0.0341 142.5919 11.6603
0.0345 156.9094 15.2874
0.0357 155.6353 12.2694
0.0360 169.5352 13.8191
0.0360 136.7263 11.2721
0.0360 145.9498 11.2840
0.0362 157.5339 12.4594
0.0365 168.5958 16.8969
0.0365 151.7275 11.8907
0.0366 156.4077 12.1702
0.0377 144.2258 19.5341
0.0393 184.8753 8.4372
0.0402 188.3244 14.7988
0.0406 187.5543 14.8834
0.0421 190.5869 14.9145
0.0422 185.0512 14.2464
0.0423 189.9176 15.0066
0.0425 153.3276 13.7898
0.0437 189.3709 11.0942
0.0450 204.2110 10.1888
0.0453 212.8406 16.1709
0.0470 199.0136 10.1097
0.0484 217.3536 11.9329
0.0488 188.9740 13.9502
0.0489 221.9829 17.6390
0.0491 221.8335 17.9638
0.0499 205.7760 15.3805
0.0500 217.0069 16.6721
0.0522 216.2036 18.8296
0.0529 230.9608 16.5664
0.0537 197.3730 20.1511
0.0544 245.9728 9.7524
0.0546 209.8513 17.0720
0.0567 247.0157 12.5211
0.0576 260.6462 19.4275
0.0583 254.9917 24.2203
0.0583 258.0225 19.9730
0.0589 264.4414 20.1768
0.0618 266.8080 14.2136
0.0627 313.8209 22.5595
0.0639 290.5282 16.0037
0.0643 272.3331 20.8197
0.0651 289.2932 21.6901
0.0664 298.1405 16.1439
0.0684 351.7543 27.6339
0.0688 314.2875 28.6612
0.0690 325.9940 26.4467
0.0701 308.5655 22.5181
0.0746 329.3238 24.2307
0.0754 328.1089 15.4537
0.0784 343.9126 13.8132
0.0786 314.5085 22.5417
0.0800 344.4624 16.1753
0.0843 407.7240 37.6004
0.0857 397.6332 21.3084
0.0857 396.9706 21.5665
0.0859 389.4833 20.1945
0.0876 442.3962 38.2496
0.0890 367.8668 19.8941
0.0929 425.7611 23.3226
0.0931 453.0882 23.8813
0.0939 431.0862 23.4163
0.1009 491.3027 37.8597
0.1027 498.2553 27.5099
0.1067 533.7445 28.9112
0.1086 537.1555 29.5581
0.1130 513.2049 28.1805
0.1147 541.7751 28.2860
0.1163 561.3421 29.0294
0.1173 561.2893 29.3902
0.1176 519.8568 27.1986
0.1197 563.7773 28.7513
0.1228 575.3842 32.0792
0.1241 581.3085 29.8794
0.1243 554.6224 28.3853
0.1244 644.1065 48.7257
0.1265 552.1967 30.3123
0.1267 606.7946 34.6329
0.1287 592.7138 29.8922
0.1293 607.5754 37.6057
0.1299 624.9382 37.2536
0.1418 715.7515 39.3963
0.1424 665.7259 34.8460
0.1437 687.3123 36.8150
0.1441 585.0708 42.2414
0.1446 721.3831 37.4490
0.1457 647.6541 37.5057
0.1463 816.2100 45.1989
0.1470 725.6326 37.3121
0.1519 677.8876 35.5407
0.1546 732.4703 37.7953
0.1552 730.2374 38.8128
0.1561 701.2144 27.1719
0.1590 764.3158 85.4003
0.1599 741.5098 39.1836
0.1609 730.8617 39.9328
0.1638 756.6806 39.4235
0.1706 785.1995 42.0815
0.1720 725.1790 143.5045
0.1727 795.4030 41.5593
0.1739 806.0987 47.8757
0.1776 1033.0829 59.3806
0.1780 777.9616 84.4595
0.1797 879.4112 47.3770
0.1800 1091.1978 223.8441
0.1801 846.6727 45.0578
0.1810 864.1273 90.3688
0.1822 829.3995 45.5801
0.1825 905.3246 47.5632
0.1836 875.3045 49.8931
0.1858 922.1881 51.2456
0.1860 875.8578 76.2501
0.1889 908.6727 50.1071
0.1897 972.5513 53.6031
0.1921 1018.2246 56.7791
0.1943 982.4354 57.1751
0.1967 965.7917 60.0356
0.2006 934.2828 57.1666
0.2026 985.2623 58.4438
0.2050 1011.3467 57.5317
0.2050 956.6518 95.7201
0.2109 992.6303 55.2291
0.2116 1294.3888 94.9716
0.2116 990.8797 52.5838
0.2125 1041.1628 63.0876
0.2130 1051.4975 108.1546
0.2146 1097.4126 59.1228
0.2150 1190.1769 106.2946
0.2155 1146.3200 74.0156
0.2160 1204.9854 119.4245
0.2160 1291.8418 145.2187
0.2166 1180.4683 82.8920
0.2180 1035.3364 105.9536
0.2183 1107.0570 63.4324
0.2186 1096.0226 59.1117
0.2285 1124.3117 63.1732
0.2328 1098.7675 76.8051
0.2390 1126.7453 105.9398
0.2400 1407.4673 261.1085
0.2425 1061.9139 73.8019
0.2444 1097.4534 62.8257
0.2485 1133.5350 65.5885
0.2486 1325.0647 94.2879
0.2495 1432.7977 87.3104
0.2507 1409.6802 78.5321
0.2517 1283.3477 69.9985
0.2525 1269.6506 84.8102
0.2555 1250.8030 86.9596
0.2565 1324.8563 95.3532
0.2575 1314.7189 79.5523
0.2577 1349.8816 84.4758
0.2580 1345.6613 84.9661
0.2600 1461.0772 134.4704
0.2605 1450.8644 99.0725
0.2606 1272.4289 82.9712
0.2630 1339.4744 83.0083
0.2635 1423.8509 83.4670
0.2636 1287.1677 82.8822
0.2658 1257.8533 72.2943
0.2660 1197.1305 137.9500
0.2690 1429.6586 168.8096
0.2704 1360.8077 91.1674
0.2710 1277.7927 126.6729
0.2735 1397.7569 105.3518
0.2740 1396.1437 134.1645
0.2754 1408.2455 92.7006
0.2779 1470.9628 114.4773
0.2780 1297.9206 118.6182
0.2789 1424.1835 85.3649
0.2795 1259.6703 80.4742
0.2840 1469.1851 139.7932
0.2850 1482.0017 93.2237
0.2860 1746.7316 207.6514
0.2866 1613.1752 99.3995
0.2884 1474.2023 101.5619
0.2912 1471.6782 99.3722
0.2925 1526.8970 99.4276
0.2956 1688.1535 167.1965
0.2975 1427.0560 134.8448
0.2984 1631.0980 162.1118
0.2988 1606.4662 114.3272
0.3000 1557.9698 225.9071
0.3003 1476.9631 103.0459
0.3018 1989.5832 226.0920
0.3020 1828.7724 229.3650
0.3024 1609.3111 99.9839
0.3086 1518.8831 124.2631
0.3090 1716.9559 186.4630
0.3090 1486.4658 147.0831
0.3095 1598.2271 99.3321
0.3095 1731.8543 122.8323
0.3129 1595.4741 102.5014
0.3140 1763.5737 196.8372
0.3164 1901.1425 168.8559
0.3200 1773.8655 343.9114
0.3204 1661.7169 102.8344
0.3264 1564.8072 104.0490
0.3290 1853.7508 230.3302
0.3305 1760.3045 127.0481
0.3306 1623.4988 114.1655
0.3310 1643.2136 104.2050
0.3320 1782.7714 196.9598
0.3373 1815.0901 114.7166
0.3388 1824.2081 143.5765
0.3396 1647.3834 171.8550
0.3400 1644.4045 175.0777
0.3400 1748.3797 183.7298
0.3402 1843.3946 115.0671
0.3410 1578.7115 163.2199
0.3420 1891.9935 187.1632
0.3440 1716.2250 165.7941
0.3460 1874.6723 131.4085
0.3480 2079.3387 208.2001
0.3483 1826.2419 183.1521
0.3486 1820.4896 148.7026
0.3520 1926.4417 198.8936
0.3550 1855.5058 172.1532
0.3570 1927.9936 122.2793
0.3575 1844.0296 172.0389
0.3578 1936.3413 121.3594
0.3600 1703.9627 137.3610
0.3619 1891.8673 145.0104
0.3630 2043.5964 195.9142
0.3666 2354.8945 215.1634
0.3680 1965.7987 187.5576
0.3690 2122.2894 149.1868
0.3709 2156.9540 153.7988
0.3790 2071.5613 188.0256
0.3797 1934.6944 131.1669
0.3800 2586.0404 390.4216
0.3804 2145.3578 215.2899
0.3804 1796.6691 164.2866
0.3830 2130.1333 246.2316
0.3873 2390.5238 205.2363
0.3880 2763.9031 591.8860
0.3893 2091.8266 193.5001
0.3916 2003.2974 158.2771
0.3940 2271.0709 157.6198
0.3965 1984.1941 184.9212
0.3990 1984.3412 267.7064
0.3996 2216.9713 209.4306
0.4000 2901.0381 638.0481
0.4010 3242.8292 552.3915
0.4010 2438.5208 373.7714
0.4010 2183.1566 230.5426
0.4025 2411.1784 234.6013
0.4083 2333.7735 221.7942
0.4100 1859.9388 220.1130
0.4120 1926.3821 276.8351
0.4150 2373.3079 154.2082
0.4160 3052.9761 782.1881
0.4160 2048.8369 286.1257
0.4209 2671.2197 248.8836
0.4210 2728.5100 293.7423
0.4210 2674.2766 396.5652
0.4220 2216.4702 235.4948
0.4230 2056.3885 230.6698
0.4250 1739.5073 391.8440
0.4260 2250.6890 233.1259
0.4290 2387.8540 236.9426
0.4300 1835.5729 302.4762
0.4300 2255.4197 631.8464
0.4300 2734.1658 186.5666
0.4300 3017.9240 636.9865
0.4300 2292.9111 484.4635
0.4300 2302.4179 160.1928
0.4360 2427.4699 255.1729
0.4360 2376.8580 237.0145
0.4400 2569.8434 378.4634
0.4400 2524.2334 124.9460
0.4490 2538.7134 183.6256
0.4500 3023.3578 707.6969
0.4500 2324.8684 485.7521
0.4500 2845.7362 773.1326
0.4510 2287.3619 150.6906
0.4530 3666.4156 886.2876
0.4550 2915.9928 308.3586
0.4600 2689.6138 260.2270
0.4607 2596.1711 216.7139
0.4627 2561.2797 174.0593
0.4630 2452.1710 300.9094
0.4650 2317.5689 640.4007
0.4680 3234.3033 244.1431
0.4690 2957.3058 385.6223
0.4700 2672.4642 188.5943
0.4720 2476.4676 586.7334
0.4750 2636.1874 310.7357
0.4770 2575.5325 217.7636
0.4790 2953.5991 487.1308
0.4800 2703.8944 649.2672
0.4900 2277.6500 468.3161
0.4930 2687.7133 326.7102
0.4950 2816.6486 301.3819
0.4950 2653.2711 542.0898
0.4960 2772.9064 195.1397
0.4970 2916.8266 225.6391
0.4970 2601.0863 265.4875
0.4980 3951.3368 1168.9600
0.5000 2968.9347 433.8776
0.5043 2935.2165 202.1865
0.5080 2746.9715 293.1918
0.5100 2377.5906 248.2870
0.5110 2983.5416 122.3683
0.5140 3607.7690 820.3121
0.5190 4114.3567 595.8219
0.5210 2989.8466 274.4555
0.5210 2729.1405 202.3433
0.5220 3431.3583 390.5475
0.5260 3020.2447 232.1968
0.5260 2461.5926 582.3094
0.5280 3096.4917 348.3554
0.5280 2978.0938 415.0789
0.5320 3259.5912 250.1594
0.5390 2788.2560 310.4779
0.5400 3178.5768 414.1723
0.5400 3054.3883 156.9086
0.5430 3131.5631 141.5335
0.5480 2879.1196 249.7579
0.5500 2851.8679 203.8355
0.5516 2888.2631 198.5231
0.5520 3178.2412 151.3610
0.5570 3246.4016 235.4004
0.5610 3753.0995 529.7821
0.5620 4074.7833 625.2811
0.5640 2982.4856 401.0885
0.5680 3482.1696 464.3169
0.5700 3422.1051 741.2928
0.5700 3146.4590 563.5915
0.5710 3018.7866 242.2066
0.5790 4337.8314 1285.0808
0.5800 4581.6826 1097.0906
0.5810 3535.6126 253.1256
0.5810 2586.3343 601.5212
0.5810 5416.7146 975.9363
0.5817 3423.0096 251.9067
0.5820 4293.2092 642.9672
0.5830 3021.5172 398.6310
0.5910 4383.5018 617.7276
0.5920 3276.9103 260.1552
0.5990 3537.4717 622.5722
0.6030 3382.5244 434.0230
0.6040 3201.8081 235.4565
0.6100 3810.5981 274.1915
0.6120 3654.1653 476.2733
0.6130 3336.8902 399.8702
0.6130 3969.5834 301.8068
0.6150 3224.9822 826.0793
0.6190 4085.1097 466.2192
0.6200 3998.0712 312.1991
0.6200 4421.7319 794.8521
0.6230 3183.4996 353.9471
0.6268 3562.2346 257.9274
0.6310 2988.6608 337.1650
0.6310 3770.2058 406.9229
0.6330 2756.3508 329.8750
0.6330 4073.5468 318.8290
0.6400 3571.4901 310.5408
0.6400 4294.1394 383.1434
0.6400 3844.6347 495.9480
0.6430 4001.7817 306.6010
0.6450 3659.2715 394.7870
0.6550 2904.1367 664.7991
0.6560 4255.7080 1229.2078
0.6570 3935.9515 1193.9932
0.6700 4252.4764 410.5739
0.6710 3948.2205 219.1786
0.6790 4914.5218 443.5213
0.6800 3808.9642 510.3567
0.6870 3974.4498 521.9816
0.6870 3689.4958 463.0623
0.6880 4081.2877 311.5788
0.6910 4147.1848 484.8004
0.6950 4388.7501 415.2322
0.6980 5672.1243 1132.2979
0.7070 4534.0377 535.0586
0.7100 4021.6823 341.2981
0.7110 5167.8502 872.7630
0.7210 4316.5391 372.0835
0.7300 4522.7138 405.9227
0.7350 4153.0587 383.6121
0.7400 4544.7431 415.2428
0.7410 5539.2435 569.5860
0.7500 4452.4570 283.6126
0.7520 4574.7354 436.2464
0.7560 5791.5984 514.1585
0.7630 7843.0488 3244.0372
0.7720 5034.9918 507.4121
0.7800 5250.0258 414.2020
0.7810 4869.0688 720.5566
0.7910 5192.4966 481.4597
0.7990 4739.8640 508.9699
0.8000 5531.1065 548.0622
0.8100 4720.3967 462.3411
0.8110 4796.3095 465.2127
0.8120 5379.1624 938.8977
0.8150 6529.5059 2191.8302
0.8160 5472.8882 1153.9798
0.8170 5374.1867 520.4399
0.8180 4770.6640 587.8192
0.8210 5347.9552 477.8214
0.8218 5795.2582 569.0100
0.8300 6458.5048 621.1288
0.8300 5110.7035 1108.6398
0.8330 5465.3700 1311.0844
0.8390 4782.0393 489.1641
0.8400 5951.4205 609.3973
0.8400 5044.9966 484.8673
0.8500 4998.6355 395.4679
0.8540 5268.5712 547.2928
0.8590 6585.3751 900.5992
0.8600 6086.0026 483.2204
0.8680 4996.4032 566.2474
0.8700 7018.7672 901.2105
0.8740 4561.1657 815.1794
0.8820 4731.5974 1272.4969
0.8850 6868.5753 905.3735
0.9050 5342.5427 633.4556
0.9100 7262.7866 893.8243
0.9271 6139.0274 810.5586
0.9300 5134.3553 685.4998
0.9350 5105.5137 535.1665
0.9360 4585.8640 1490.9398
0.9490 4886.3207 640.4858
0.9500 5981.7748 649.6847
0.9500 5341.5036 732.4329
0.9500 6241.9675 837.1896
0.9530 7156.8851 3146.6221
0.9600 5280.1021 669.9350
0.9610 7125.9098 1115.9305
0.9700 7807.6501 1047.9407
0.9700 3666.4078 1359.5518
0.9740 5845.5940 469.0504
0.9750 7357.7512 720.9793
0.9780 5012.0389 675.4678
0.9830 6783.5475 1358.9061
1.0100 6345.9246 1097.8674
1.0100 9603.4563 1476.0216
1.0170 7224.2731 569.0536
1.0200 6804.7646 728.0847
1.0200 7457.3571 758.8426
1.0300 7047.2337 458.4223
1.0570 6762.7918 743.0435
1.0920 6332.4175 718.8745
1.1100 8415.2529 1735.5159
1.1200 7996.1530 825.1409
1.1240 8194.1486 744.3810
1.1400 7321.3542 771.0903
1.1400 6908.6060 1172.0864
1.1880 8346.9634 1924.0541
1.1900 7457.0376 848.5922
1.1920 7793.8191 718.7635
1.2150 11202.2224 2890.5735
1.2300 10095.6700 1092.7006
1.2410 8247.8469 1816.9843
1.2650 9745.9049 1056.8257
1.3000 10075.1523 1126.1633
1.3050 8872.2519 1060.4350
1.3070 12082.2779 1751.0023
1.3150 9868.9638 852.1950
1.3400 10315.7573 1306.4817
1.3500 9234.4938 789.7386
1.3700 10231.5792 1238.0224
1.3900 9445.9767 1090.2573
1.4140 9135.9398 1456.4740
