9.93815
-0.561236
0.241147
4.67177
-0.0276433
0.945881
5.16405
1.85667
1.10819
1.83472
1.93962
1.49101
0.384023
2.22218
1.04776
-0.505507
0.917923
0.661175
-0.0898834
-0.145865
-4.49999
0.454408
-0.284502
4.52874
1.22882
3.30288
1.51656
0.985986
1.16998
-0.381235
0.303651
-1.14702
-2.53535
1.4532
1.76459
1.41479
1.71221
-1.4789
1.64935
-1.3156
-0.965318
0.997085
-0.183369
0.269894
-1.87058
-0.98143
1.1301
-1.89397
0.284349
3.18437
-0.0554665
0.786494
-0.811296
0.687488
1.59899
-0.485573
0.813824
-3.39013
0.366267
1.00813
-0.380154
1.02234
1.8389
0.572472
-0.582702
0.871931
1.38318
1.56227
1.64488
0.926842
-1.6926
0.474051
-1.5735
0.80084
0.91538
0.747462
2.04222
1.37236
6.88988
0.587825
2.43661
-0.81037
1.85555
2.42698
0.657202
1.3635
0.503626
-3.341
1.33417
1.1904
0.986817
1.75709
-0.764108
-3.57832
0.364165
-1.0791
0.0335185
0.623855
0.811725
1.29125
1.44067
0.788887
1.15593
1.72539
1.43293
1.59433
-1.55248
-1.05906
-2.78576
2.34389
-1.01953
0.384459
-0.396065
-0.792586
1.51234
1.592
-0.309271
0.800235
5.57582
2.838
-0.942134
0.944312
0.60226
3.34366
-0.412809
1.57016
1.36656
7.24769
0.813502
2.22464
8.90625
1.11268
0.109196
1.42105
1.21643
0.123919
-0.304573
0.828476
-0.708496
9.27308
-1.07721
1.46536
-4.74338
0.653493
2.41077
0.246674
1.32482
0.00076286
0.720903
1.5627
2.59448
1.45722
-1.91998
-1.09184
0.928805
2.04431
0.907367
4.51381
6.92835
0.458277
-0.220206
0.489398
1.47256
1.58239
1.32395
-1.47155
1.97519
1.81312
0.0282092
0.146803
5.35494
0.760407
0.463982
-9.91122
2.84675
-8.79939
-0.531968
-6.93158
1.31266
1.78604
1.33665
5.66179
0.981554
1.07796
0.876425
1.70845
1.22891
1.58256
4.98032
-5.1882
0.229461
2.85567
0.315832
0.399808
0.322792
4.42845
2.60499
1.90379
1.10282
0.713459
-0.151448
-2.07379
0.274499
-5.66967
0.0288313
0.635746
0.85633
0.599979
0.811908
-1.139
2.22975
-0.541383
0.24074
-0.466771
4.24081
1.57531
-0.903285
0.103152
0.684422
0.583712
1.769
0.218749
1.62578
0.991093
-1.1307
-0.685301
1.57724
1.74268
6.80813
1.639
1.15967
1.57479
5.05241
1.28619
1.99962
3.61931
1.49219
1.53689
1.22343
4.93707
-0.561098
0.460186
4.87899
-1.28148
1.35469
5.12874
7.44012
-2.2483
0.996872
1.5744
1.14796
1.25082
1.61783
0.879537
1.21136
-2.17662
1.41871
0.646161
-0.0944368
-9.25331
0.977326
-0.306768
-5.35298
3.40447
1.82813
0.825054
0.742624
1.94471
0.804519
-0.309423
1.22013
-0.917048
0.392864
0.951614
4.35414
4.17776
-2.15168
1.33211
1.03326
1.37253
-0.945429
1.44291
-0.897169
1.47033
0.157068
0.626355
1.26088
1.53209
1.151
-5.70692
-0.363728
8.27565
1.20959
1.41696
1.27554
1.03472
0.4435
0.675647
3.06056
2.00572
1.28895
-5.06679
-6.85013
1.64595
0.160989
1.81861
9.9934
1.88501
0.945828
2.37427
1.36624
3.38312
-2.8081
1.83036
0.607416
-3.96208
2.03404
2.49715
0.497681
-1.90716
-0.0837763
-0.672152
0.690025
1.08309
2.27717
-3.67892
-1.13913
1.21422
2.45066
-0.20583
0.0142735
9.31514
0.123239
3.19174
2.5917
0.346671
-4.23482
1.67966
-0.288658
1.01632
-5.44174
1.54357
2.2916
2.24354
0.935695
1.10066
2.06273
0.46319
1.64932
0.768038
2.38746
4.6053
1.15253
1.69731
0.614789
1.45396
-3.37017
-0.639163
3.08214
1.7468
5.40225
0.781752
-0.926101
0.809307
0.893098
0.718559
0.215708
0.221929
5.01527
2.22185
5.85225
9.93365
4.67003
0.0697
-8.02325
0.825648
1.5486
0.979742
-5.50937
2.44521
-1.30197
-1.62052
3.1605
0.829329
3.47224
1.15012
1.93681
2.3073
1.08712
-2.87152
-2.92625
3.31933
-0.735967
0.939009
-2.36886
0.234379
4.14232
1.01146
1.1817
2.19541
1.44529
0.357673
-3.24747
0.0882332
1.7122
1.53697
1.30888
-0.719995
2.15707
1.5155
2.6719
2.26815
-2.23456
-2.31554
3.16486
1.92918
-2.26286
2.64755
2.02893
1.59083
-0.0102579
0.876329
4.26098
1.51427
0.870651
3.12142
1.21248
-4.51534
1.98153
0.499141
1.32131
-0.116727
1.43782
1.20261
2.20693
5.44266
0.691937
9.23846
1.86506
0.836773
0.672526
-1.05205
1.08607
2.45998
3.71653
2.39063
0.829239
0.166712
1.51223
1.97867
1.51807
1.00162
2.47642
1.365
0.864233
1.15296
0.571864
1.48252
3.70099
0.210265
-1.08579
5.68935
1.64173
0.822081
1.39113
0.580645
0.011191
0.319882
1.6966
-3.26612
0.968129
-1.92359
-1.07325
8.59346
0.534028
1.96723
3.4147
0.673586
2.31997
0.511939
0.162004
0.577723
1.89831
1.2533
0.958995
1.5464
0.434233
2.66793
2.45083
-0.595382
0.411171
4.80253
-1.56985
-0.0315029
2.74442
0.550168
7.3906
-4.35314
2.41728
1.03932
0.958957
5.54493
5.31203
1.57869
2.74656
0.859101
0.450017
-2.69102
0.848328
-0.117972
0.499615
1.1379
0.392049
3.20758
0.960834
0.112212
5.88771
3.55233
-0.0579555
0.432417
0.259897
-0.789016
-1.48509
-0.298727
0.354168
2.88058
0.657348
2.11279
-0.233863
7.59776
3.04366
-1.27783
0.531133
1.15525
1.61409
1.43801
0.562406
-1.99213
-0.233831
1.72598
1.85692
1.98316
0.0525165
1.52571
3.10802
0.575463
1.08292
0.998374
0.379574
1.36545
-5.6534
1.55745
0.780269
-0.0205345
7.75087
0.346623
0.974333
1.87886
3.18811
-3.39318
0.773312
-0.0563327
0.943222
-0.543836
-1.69989
0.634563
-5.16744
0.439802
1.08196
0.921346
2.96423
0.858117
0.982153
0.67383
3.09427
1.81552
-1.29511
0.679482
2.54801
2.39577
4.26851
0.0533369
1.42363
0.970509
-2.15846
2.0583
-3.59069
1.65711
4.4065
1.65472
2.03746
-0.295498
-7.97017
2.5521
3.75773
0.0335959
-0.316475
1.8107
-0.545062
8.13958
7.15395
1.48567
-5.80722
1.93771
0.542865
1.01643
1.82948
1.19207
0.270553
0.734179
6.95542
0.57211
1.04247
2.56445
5.82441
0.124817
0.926171
0.803267
0.618281
-0.217176
1.14045
0.107284
1.13828
2.86815
0.0287302
-0.621609
-0.112002
-1.16581
1.88096
-0.609037
0.920369
1.12398
2.98581
-6.04167
1.11696
0.393644
2.11374
2.88466
1.82745
-1.63958
0.324706
1.41469
1.20313
1.70747
1.43967
-0.0348107
6.09304
5.68807
0.283204
-0.442958
0.372786
7.36701
1.19349
2.56709
-0.76552
0.871433
1.31733
-0.365617
0.489266
1.31259
2.5052
-0.348358
-4.50558
0.350056
-1.02332
0.182833
2.91772
0.588097
3.22949
0.71191
3.02878
1.45258
0.00414005
1.07477
0.291391
-1.59368
4.19722
-1.07851
0.514514
-2.37892
1.43235
1.6212
0.459691
0.600868
0.376888
1.10429
-1.49969
0.962214
0.435937
1.69395
3.02606
0.663426
2.67124
0.882912
1.06958
0.970435
0.169938
1.23857
-2.76986
5.26668
2.00532
-3.55165
0.985467
-3.00954
1.17277
5.32532
1.3564
1.07424
1.64504
-0.348577
1.15
1.51864
-0.669316
4.73881
-0.343095
1.23062
2.63592
-1.3334
1.55555
2.16256
1.4874
-7.4244
-0.194127
1.41235
-3.85472
1.56269
1.56349
1.53959
0.674264
1.50187
1.40187
5.42981
8.52665
-1.48376
-2.34756
0.768526
4.66516
1.68788
0.891995
-3.42017
1.87869
1.56525
-0.161412
0.681327
4.96817
-4.63479
4.23825
2.59244
1.50616
2.83475
1.4683
0.85001
0.340974
0.52304
0.22727
-0.00140386
-4.82358
1.46723
1.7039
1.35678
-1.02103
0.849965
3.83579
-1.09162
0.698503
0.132032
2.05026
1.52508
-4.84563
0.964621
3.65353
1.66942
1.3844
1.22391
1.38762
1.78813
1.42929
0.882711
1.33818
0.101612
2.25407
-0.04394
0.843004
2.91873
-0.219429
1.05968
-1.00497
1.22719
0.14021
-0.183446
1.14651
2.63994
1.02987
1.16283
1.51875
9.75931
-0.416193
-1.1581
-2.32856
1.36602
0.379327
3.15422
2.23752
0.780572
1.06259
0.849621
1.39298
1.18804
5.23998
3.49637
1.65619
0.610286
1.58648
-0.254293
1.34841
0.730104
2.37332
1.91577
1.66547
0.566568
2.34154
1.89442
-3.19418
1.07406
1.34626
0.18552
2.19634
-0.00656343
3.40842
0.124335
-0.30661
-6.82232
2.66204
1.36035
2.68941
-0.819225
2.89765
1.6901
-1.63238
-5.54254
2.07397
-4.5233
1.00354
-1.91329
2.0177
2.89615
3.00125
3.05378
2.89413
0.867782
3.37893
1.1317
-2.8318
1.26392
1.18
2.03362
0.299473
-3.6738
0.681577
0.239556
2.2393
1.01099
1.60381
0.974412
0.855246
0.754443
-3.78381
-1.66644
0.666095
-0.880745
5.86238
2.27694
0.425153
5.42224
-1.46418
-1.41023
0.349501
0.454953
2.71347
1.05735
1.34215
7.00997
2.17256
-0.248854
0.861728
1.20133
-0.134257
1.59694
0.222366
-0.403286
0.678105
-0.561751
2.20918
-1.85784
1.41872
-0.0324953
1.22933
2.7891
4.13878
2.35484
0.932924
1.41218
-0.387905
0.899099
0.35791
1.52872
1.75035
1.2132
1.07194
2.25822
7.65145
0.416893
1.31247
1.9375
2.12807
-2.27594
1.13938
-7.43525
2.08665
1.60741
5.52028
1.03824
0.54148
0.938091
0.780703
9.18867
1.29567
2.08905
6.00323
0.95438
-1.57995
6.77611
-1.09109
1.39135
-0.283735
-0.146604
-6.44133
0.574842
0.479193
1.74781
0.577831
-5.50628
-0.930859
1.25005
1.8035
2.78099
-0.859329
-3.00288
0.706247
0.0311673
0.908774
2.89129
0.855766
-2.21995
0.377607
0.969004
1.84359
1.63076
7.15623
0.400585
2.22072
-2.95139
1.86614
0.333554
-1.62214
4.19699
1.86981
-1.46902
1.741
-0.162571
5.48953
1.88186
1.83307
1.01953
-1.76239
1.45994
-1.89272
1.77162
1.08608
1.88247
2.75227
-4.1254
-1.62119
1.47873
5.27695
0.952029
2.73599
-1.82718
1.73304
2.63477
2.33415
1.72285
0.712638
1.41291
1.06006
0.593342
0.528054
1.28568
-1.52342
0.21169
0.879075
1.37968
-0.51724
0.279526
0.617028
3.28358
3.77955
3.14855
0.856266
0.819447
1.01811
0.601151
0.708586
6.50345
0.579457
-1.23071
0.0334903
1.63321
5.5712
3.70857
-2.79026
1.46642
3.73682
-2.48163
5.10194
0.879125
0.872444
0.122293
0.782375
0.285644
1.85799
-2.22994
-0.440303
0.790167
0.273501
1.11559
1.46475
6.26921
-0.343722
0.751206
4.31691
1.74555
0.391464
1.79309
6.58196
-5.25995
0.117617
1.9672
0.848984
2.13242
-0.0339143
0.450649
0.635787
1.64334
-3.79191
0.719578
4.24621
0.814284
1.03725
-1.2829
-0.371073
0.953105
0.285434
1.32615
4.60456
0.146624
8.18715
-0.150536
3.28288
-0.140042
0.17838
0.869198
2.3017
-1.79537
2.65349
2.10946
2.41409
-0.19913
-1.32712
2.64447
-0.812277
1.59156
1.45852
0.987505
0.572297
3.78427
-0.185353
1.37718
0.519077
2.2984
1.10274
6.21103
1.53076
5.76155
-1.21166
0.816153
-5.05905
0.305299
0.407562
1.5464
0.877722
8.06267
0.952928
-1.22142
-5.27329
1.58435
0.61534
0.965477
1.83607
-2.08755
2.20785
0.35259
-8.71322
-1.16612
1.62637
-0.407303
-1.6556
0.522416
1.82781
1.0275
1.73729
2.38067
-9.62009
2.25613
0.478463
1.29068
0.817114
0.833379
0.143982
0.742567
0.206525
0.761255
3.40428
1.38793
1.17629
3.43358
2.03039
-0.137386
1.11891
1.59629
-9.02617
-0.335157
1.51721
1.87456
1.09206
1.78589
1.27564
0.877779
2.60692
-2.54901
1.83695
1.15443
-1.29076
0.820404
2.06021
9.46192
0.129036
0.190201
0.790958
1.8861
4.7387
3.88723
0.565834
0.83127
0.942869
1.29717
0.519449
-0.0879978
3.1727
2.64802
-4.91384
-0.408002
2.03627
2.02542
0.927877
-1.233
1.21487
0.464762
1.04447
-2.59242
-0.244008
-0.325237
0.518994
-0.149428
-1.08959
-0.810105
1.09311
1.19865
0.836313
-2.07025
0.941194
2.97351
3.98783
-0.541841
0.354177
1.09566
0.499902
2.12643
-0.021005
2.05572
5.50047
1.61762
-0.406807
0.370645
1.30972
0.470656
0.515944
-0.490932
1.93514
1.97569
6.51161
-0.927072
-0.859175
3.08281
0.435371
0.414781
2.17453
2.03795
-3.04625
2.37421
1.2439
-5.88472
-2.3548
1.18303
-7.95446
1.50821
0.930865
3.28383
-0.617661
-1.46821
-6.10509
0.761101
2.05261
-0.543834
1.04143
-4.78344
-2.69398
1.46315
-0.111171
0.689407
-0.661852
-2.37951
3.8144
-0.20444
0.736683
-1.92263
1.21941
-2.11476
1.31427
-0.964105
0.803668
1.07371
6.29498
0.304836
1.40905
-0.349085
5.89345
0.0422081
2.36129
-1.5028
9.58112
0.67265
1.51066
1.12622
-0.840262
2.17574
-3.41346
2.34527
0.593447
1.2794
1.88788
1.04705
0.53157
1.20111
0.30141
4.15775
-1.57883
0.966116
0.39067
5.89254
-1.10591
1.12738
2.36008
0.670192
0.017135
1.98302
1.09134
-0.457211
-1.30374
1.03227
0.918786
1.21042
4.34837
1.86057
2.57838
2.58296
0.48701
-0.520598
2.6106
7.15051
-3.37472
1.99859
-0.0140494
1.80848
1.5823
0.887198
-0.182366
-1.51479
6.28878
1.64617
0.694083
1.02983
1.73152
1.26196
1.04506
-1.56443
-1.16155
1.73297
1.72009
0.550428
-2.48808
0.818579
1.03946
-5.48862
1.54541
0.333136
2.42538
7.2205
0.907326
0.971329
0.949339
4.563
1.68126
2.70926
-0.968075
4.43077
0.0662738
4.67394
1.02572
-1.68152
0.896515
-1.27898
-2.08235
0.782395
2.14853
-0.301908
0.0378536
2.1652
0.989828
3.1719
2.88288
1.36222
1.48286
0.557364
0.814901
1.18079
0.996903
5.66837
0.460263
2.0716
1.48341
0.180109
-2.82147
-0.205411
2.05657
-2.29365
0.255137
0.17962
-0.503687
2.07579
6.27756
2.03756
-0.799481
2.55859
1.6104
-9.05277
0.475702
2.33492
-5.61815
-0.475413
0.957209
1.72112
3.26763
3.69941
1.58743
-0.162321
0.607371
1.34739
-0.945097
1.63486
-1.48793
1.17895
0.19951
-0.0206813
0.673106
1.56358
1.15508
1.55892
1.2318
1.36525
-3.81233
0.747088
2.12799
1.24272
3.08711
-1.26658
-0.495037
4.64721
3.72714
-1.69478
0.180199
-6.3581
4.95308
2.63415
0.389944
-0.174098
7.32744
-0.102037
1.15678
-2.45497
3.60352
0.69227
0.863102
1.35749
0.00786245
0.68613
1.12666
-1.29912
1.38918
-4.63297
0.373529
8.96501
-0.425564
-4.36299
0.571576
-2.503
1.1292
-3.44057
4.48298
1.49722
1.48202
1.13972
1.3134
1.30942
1.04943
-0.80345
0.410609
2.37666
-2.1105
2.52242
3.36948
1.2443
0.524961
1.29266
5.24073
0.0698654
1.0975
-1.43254
4.19575
1.29326
2.51898
2.79896
-1.72066
2.62691
0.503403
-0.327763
-0.240523
0.935162
0.675655
4.93148
-0.532312
-0.228537
1.74529
1.34513
-8.0327
0.487633
2.73202
1.43948
-7.31381
0.703693
1.8125
0.856589
0.679523
0.989198
3.0987
1.42034
0.453782
-0.711897
2.20156
-0.0425605
3.67173
1.11666
2.0682
0.814054
1.95264
0.572562
0.265411
3.703
-2.29802
-0.129424
1.08766
1.40011
1.16038
-2.57415
-0.710976
-2.99339
5.22996
0.253092
3.27801
1.54293
0.913786
1.21218
1.10473
5.95807
6.51876
0.527525
1.21131
-1.63027
0.173541
0.00527661
0.857835
-1.74942
1.59879
0.468045
3.47257
0.0664283
0.177095
-0.620297
2.43136
0.583187
0.70547
2.9404
1.40916
0.00678284
3.09738
0.00719707
0.581707
-0.522746
-6.53793
2.05776
1.53108
-1.07567
-2.02222
-1.25415
1.45778
2.64201
1.72091
2.92495
-2.61506
3.86514
-0.713626
-2.87872
1.33862
1.27312
-0.394983
0.0012827
2.21416
7.88398
0.690439
-0.105883
1.13953
0.700433
0.964149
0.524738
-0.492414
0.337838
0.00737616
1.40897
0.315406
-5.58666
2.52385
0.17143
0.0166125
1.84052
6.30316
0.290538
2.92544
3.24278
-1.23749
0.766113
1.71726
1.82142
-1.75218
3.87576
9.04822
0.420312
1.11565
-2.05566
2.31449
1.19442
-5.47301
4.05598
2.10372
1.71644
-0.131836
-2.69747
0.632265
1.50363
0.356665
-3.41479
-5.07508
1.25623
1.69219
4.45113
0.160194
1.02945
2.28587
1.04299
2.22891
0.990739
-5.04531
-0.157738
1.09719
0.291405
1.27228
0.683258
1.26713
2.55176
-0.12341
1.28081
-8.10511
3.65541
1.49785
1.98978
2.75917
1.04984
1.16333
0.0822269
1.74081
0.0115694
0.609703
1.63431
0.823476
2.33842
-3.95689
0.72763
1.29627
1.15738
1.10127
0.23496
4.85028
0.758855
1.18857
0.741298
0.524553
5.84415
2.25164
9.04969
3.0809
0.761922
2.83899
-0.586055
-0.111881
1.84335
7.9343
1.54253
-0.567545
2.03349
1.25347
3.88188
2.06379
1.03671
-0.39464
0.17947
-0.441596
4.26414
2.85503
2.05471
7.55292
1.04711
1.94617
1.56017
0.929196
8.88971
0.498436
0.633507
-2.26483
-8.26471
2.74251
-1.10893
4.01007
2.45399
1.69709
1.31935
2.37354
1.57613
0.0412067
1.64649
0.146395
0.781293
1.23782
1.6782
-0.784975
0.89377
1.38659
-0.260099
2.2569
-0.469719
2.57752
-1.02574
0.86546
0.781281
1.05106
0.780688
7.65388
3.88812
0.934308
1.68224
-0.987259
0.83943
0.178358
1.67878
1.59306
-0.650671
1.46332
-0.496903
4.15823
1.86173
-1.25593
0.0666949
-0.964092
1.24743
-6.05902
-0.549427
1.33087
1.78183
1.38581
-0.121644
0.593894
-9.50944
0.583917
0.157121
0.977636
1.72358
2.79941
0.759688
1.42893
-5.41254
1.44419
0.572197
0.297067
1.14704
2.35938
1.02666
1.17971
-0.949143
0.217031
2.18365
0.82126
-4.04356
0.163406
0.871832
1.20671
-2.67377
-4.78466
0.217418
0.625988
2.4814
1.22318
0.522483
1.88886
4.30978
-2.31765
-0.638917
1.92732
0.666675
1.98173
2.36486
1.12511
0.136188
0.730561
8.07575
1.82813
3.22629
0.887084
1.99063
1.41896
-0.0565526
-0.45343
0.853259
-0.848981
2.96003
-0.288866
0.675501
1.62799
0.651674
1.87809
1.29725
-1.45543
2.17722
0.637681
-2.60744
1.41951
2.92178
0.23604
1.51995
1.61309
0.182189
0.62031
1.13155
-0.140897
-3.89645
6.42569
1.35994
0.784177
0.534745
1.47412
0.691528
1.58897
1.29249
2.42527
-0.196868
0.152709
0.696789
1.54199
-9.99616
-1.01736
4.456
2.60232
0.240089
1.90481
1.43335
0.695415
0.64611
-1.54257
1.62065
0.78892
-0.117265
1.41238
-0.488436
0.730367
1.37166
-6.33491
1.72432
0.517112
-0.970224
4.24749
0.611179
1.10764
-0.310343
2.18667
-0.144651
2.79791
-6.01792
1.06939
4.19937
2.10117
0.953444
0.909522
-0.518848
1.37648
-2.02228
0.124355
0.386071
2.40454
-3.7798
0.955883
1.92199
1.04822
1.06826
1.26005
0.131642
2.70705
-9.1074
2.61995
1.12545
0.96791
2.2704
-3.98409
1.67031
0.26886
0.552694
1.37936
1.14259
1.66342
1.05879
4.43415
3.98884
2.52033
1.58932
0.854123
0.775235
3.47815
3.8185
2.48369
2.01018
-0.167742
0.580984
0.753106
4.13275
1.14148
1.6957
1.44017
4.80848
1.10835
0.914229
-0.139412
0.698009
6.28089
2.25213
0.47608
0.855685
2.24279
0.809289
0.461529
-0.414552
2.30896
1.08608
3.00334
0.16121
2.00793
9.43105
1.3616
0.858789
8.02196
0.294739
-0.935864
8.59271
4.14256
1.89186
1.45779
1.94265
1.19211
2.36913
7.96685
0.509117
4.45819
0.836491
-0.827484
-1.44998
-1.24714
0.207854
0.499783
1.66734
0.421228
-0.861083
1.99839
0.480855
-6.25686
2.47901
3.14777
0.820924
1.67224
0.660216
1.9158
1.78166
-9.03958
-0.767041
-0.454029
1.34763
6.07967
1.08613
1.08849
1.38166
1.69204
-0.469344
2.96685
0.492372
3.54666
1.44661
0.930366
-0.315511
3.79915
4.62379
-1.50352
-2.93714
0.61256
8.64077
-0.453611
-0.789059
2.0093
1.20596
0.0661209
0.751375
-2.69517
0.18348
3.09501
-2.88421
-0.471074
0.508678
2.35844
1.67664
0.307832
1.33382
1.57831
2.9896
0.724198
1.99256
-1.21676
6.7729
0.685027
7.42608
-0.551771
6.95711
2.11168
1.08111
-0.144802
-0.334055
0.529545
1.41265
2.83521
0.45994
0.431999
2.0899
1.13264
-3.17363
0.742882
-9.11265
-0.773349
-1.63315
-9.47683
2.01185
0.547758
1.17796
1.88751
2.69155
-0.107411
-0.296152
8.03066
0.125174
2.61028
1.18694
5.29219
0.536743
3.17391
-0.195317
0.960928
-0.753983
1.0079
5.1885
-2.54998
-0.441946
0.846315
-0.774013
0.647954
2.81956
1.23346
-0.83659
-1.43203
4.92418
1.52332
1.586
0.417838
-1.87629
-3.37715
3.82259
3.37817
1.38876
0.807996
0.800948
0.542848
2.94226
1.53112
1.52209
4.1224
1.2646
-1.0684
1.26477
1.99985
-2.95138
-0.113269
0.966461
-2.47775
1.49814
0.656501
0.62072
2.04559
-0.755725
0.422013
4.13253
0.67297
1.21336
2.40103
1.25181
8.45573
0.423208
0.616207
0.076966
2.7033
0.457309
0.20491
2.40089
1.44161
2.23212
2.2145
-0.959528
0.990081
1.72364
-0.300934
1.21011
8.4216
0.441163
0.477021
1.1484
3.73493
0.939214
-0.644896
-0.580914
-1.95005
1.47361
1.07501
2.58352
3.55914
0.938491
1.28744
3.97107
-1.01737
7.74407
4.20856
-1.85562
0.597919
1.90903
1.15982
0.785104
1.41196
4.0833
-0.181159
-1.60091
-0.75979
0.778073
0.497733
3.11676
3.4672
4.31267
0.722347
1.68297
1.59636
0.975569
-0.563683
0.240309
7.67827
1.20205
1.69379
3.32678
1.20679
0.0238198
4.7405
0.995909
0.139336
1.43869
2.56176
1.16941
1.58215
0.0710503
3.39912
1.26939
1.84316
1.5027
1.79747
0.668229
3.52779
2.75844
0.472065
2.25178
0.120967
0.700414
6.12476
1.16636
1.39286
-1.72096
7.13267
0.618168
-0.0166284
0.89876
-0.454821
-2.95412
-1.68799
6.88237
1.19798
-4.02807
4.53988
1.40861
0.748229
-0.848707
-4.91835
3.87036
1.29556
0.496368
-1.80028
2.27831
4.73036
-0.0555014
-1.48679
-0.658093
0.609792
1.66675
1.81936
1.19549
3.2071
0.0740955
1.63693
1.23063
0.297644
2.94039
0.729408
-0.991941
0.406354
1.10245
1.46825
0.535309
1.10924
-6.92143
-1.80364
-1.21223
5.47724
0.510416
0.138675
0.0740829
1.45213
2.05968
-3.38021
2.37694
1.87558
-2.1609
0.705865
-0.627599
4.41041
2.41531
1.72829
0.654004
0.763442
1.03511
0.943653
0.509825
3.49606
-0.792107
0.377909
0.623939
-4.80834
0.39931
1.53735
2.26242
0.497577
2.50508
4.5909
0.384136
1.93628
-0.97101
-0.167519
0.757061
1.18814
0.282288
3.7373
2.60336
1.6086
0.959101
0.651421
3.50376
-3.29154
1.50522
0.355252
1.13092
-0.365029
0.857386
2.1364
2.32276
2.52843
0.861666
-0.148904
-0.298619
0.400938
2.00448
-0.936479
0.0741166
0.929192
0.503214
0.150398
-0.421291
-0.0636561
1.06926
2.26603
-0.260329
0.921797
3.56462
3.15115
0.00315621
1.28823
1.01878
0.486809
3.47449
0.868313
1.98053
0.297352
1.52376
-3.99069
-0.188764
3.08823
0.92349
2.09838
1.92314
0.825166
5.26204
3.8432
1.37657
0.149914
0.945933
-1.94728
-2.55
-0.0517542
0.718385
0.0641066
0.955051
0.752207
0.391229
-4.60191
0.17421
0.742555
0.257514
1.30569
0.550339
-1.2618
3.26659
0.45478
-0.585016
4.42067
2.81797
-5.08837
0.598424
2.4942
-1.31472
2.351
2.66294
0.517692
0.600137
-0.284794
-7.95515
1.37629
0.875691
2.10465
-1.04321
9.0551
-0.595309
0.287783
0.297101
-0.45761
1.76471
-0.55083
1.2757
3.66433
-1.80971
-5.18771
2.19277
1.19464
1.43248
1.29792
2.89191
2.71621
0.118542
1.15006
-2.81321
0.798085
3.81906
0.750062
0.317944
-0.0273655
-0.107121
2.01395
-0.397924
-1.77222
-9.06489
2.02038
2.38611
1.76997
2.18682
-0.183843
-1.05205
-2.44163
0.308476
1.15331
2.01312
-1.10139
1.55464
2.62566
0.281752
8.05
2.44694
0.697187
0.254275
2.27725
1.14997
0.807443
1.95422
1.7681
-2.72772
-1.07776
2.20078
2.32364
1.89731
1.52496
7.23093
0.0633933
6.64876
3.38454
1.97483
0.434619
0.688624
0.788994
1.74794
2.78613
2.73411
-2.41321
-0.0836184
-4.00724
1.92095
-2.2996
2.11423
-0.606753
1.54206
-1.52714
-8.05322
1.54625
-0.02506
0.912823
-0.0184062
1.48399
1.16441
-2.88866
-0.492801
1.35193
1.51673
0.450729
1.97998
8.51287
2.15184
-1.80989
-3.83472
2.21858
1.12972
-0.256636
-3.89438
0.632758
1.63945
-2.59958
0.622018
1.32287
1.79276
2.14673
-2.02694
1.56648
1.12415
0.645326
0.164116
1.98724
-2.67311
2.82803
-0.106334
1.39172
-0.28249
1.92195
-0.0503282
2.28121
1.15953
0.419021
1.48084
0.574688
1.16218
-7.49119
1.20663
7.17223
0.00631061
2.45424
-1.06331
0.344331
-0.815306
1.95349
1.3076
0.507735
2.03169
0.195239
1.35447
1.16105
-2.36263
1.30655
-0.295809
2.22826
0.405999
0.944375
0.619818
-0.790123
1.54103
0.956933
2.46334
1.45168
1.10601
3.02813
-1.34349
0.417216
-0.880013
0.444521
-1.555
-0.98325
0.84724
3.20121
5.11557
0.520565
-4.01782
2.66208
0.14349
2.01811
1.24041
0.564244
0.516101
4.85524
0.391791
0.673115
0.903956
-1.88817
-0.421582
0.953822
0.510352
1.09424
5.36073
0.690203
3.22081
3.44772
0.529307
1.3244
1.48713
-0.0282534
1.09916
-0.542536
1.13662
-4.75512
2.57475
-0.684912
4.58735
2.68477
0.314704
0.108786
3.61828
0.81767
2.81791
-0.369732
0.49908
0.285066
0.397808
0.552532
0.578498
0.712548
1.69137
-8.33266
-6.04794
5.97361
-0.372511
3.39998
1.2007
0.719886
-5.0844
1.96876
0.950583
2.51067
1.60239
1.67544
1.79287
-4.46863
-3.62627
-2.92799
-0.287571
2.25461
1.6514
1.85582
-0.541388
0.644564
2.06858
-0.162366
3.278
-4.90472
0.142525
-7.75192
2.72219
2.18013
0.413435
1.1814
-1.27525
0.750114
-2.04271
4.93393
1.24336
2.23378
1.08316
1.88865
0.439218
1.44915
-3.77854
0.6012
1.84198
-0.957378
0.242921
3.65028
0.566176
4.63713
1.46769
0.403123
1.00256
4.81124
0.117974
2.31004
2.2553
-0.272283
0.167676
0.709748
1.57078
6.41105
2.07613
1.15
1.84476
2.62586
0.593359
3.03355
-4.83911
2.42304
1.35186
4.03167
3.64081
-6.85034
4.77524
2.43058
1.84319
0.134929
1.87134
-4.3088
-9.60233
-0.408477
0.804394
0.689386
0.68249
0.644362
3.6469
-2.81665
2.39431
2.22651
3.40575
9.13922
0.68026
0.494394
-0.566804
0.0751655
0.349494
2.01918
-1.75562
-0.177367
2.38206
0.0849725
1.56751
0.642683
0.990965
3.59891
0.30199
2.7991
0.332809
0.546933
0.679154
1.16013
-0.398441
0.790889
1.30143
0.172026
-4.03144
0.891571
4.60149
0.88997
-2.69337
2.00898
2.566
0.902827
-3.56628
7.23039
0.550136
-0.278163
4.53398
-0.353171
-3.87982
4.58023
0.79388
0.94493
0.954104
1.84302
0.394298
-0.782337
2.5844
0.43433
-0.989044
1.75487
0.939572
-0.311892
3.23815
0.977251
2.8446
0.242577
0.607013
0.567869
0.71875
0.676742
-1.47879
-0.252797
1.10712
0.154314
4.52405
0.0520462
0.758774
-0.54746
3.36272
4.7964
-0.786034
-0.305708
0.222177
-3.75809
4.57672
-0.131727
0.676595
1.32104
1.93
-3.36118
0.0420924
1.27573
3.43301
3.58011
0.902178
1.114
-6.08787
1.29158
-2.54776
-1.3663
1.03414
2.6548
0.81841
0.8138
1.92277
0.782526
-0.309601
-0.960538
0.585319
2.33991
-0.319189
1.23822
1.44327
1.08869
1.93301
1.68877
-1.36246
5.05208
0.104081
0.216645
2.27296
1.11052
2.23047
-0.945937
0.911862
-0.177908
-0.935854
-0.961115
1.17916
0.181317
1.34396
2.03704
1.54052
5.01162
1.79438
2.19627
1.65882
2.23095
0.923957
0.371059
-0.421094
2.48473
-4.48635
-1.32012
0.842326
4.76468
-3.22511
-1.13866
0.970055
-6.84061
-0.239675
-2.02384
0.21723
-0.0222775
2.16351
1.21306
5.82008
6.12675
1.8061
-3.19838
0.0410021
1.12285
-0.0419354
1.25466
3.14794
1.09883
1.02337
2.96953
-7.33821
0.64054
1.00148
0.88354
-0.286575
1.30747
0.969393
0.700488
1.6626
1.5427
0.330089
4.1627
1.95256
-8.85494
2.19967
1.13335
4.51725
0.25073
1.19066
0.450883
3.81642
0.920629
1.1137
1.76059
0.900924
-1.69984
1.54827
1.83692
1.42007
2.56416
0.678291
0.735155
2.16014
1.86147
-0.217633
0.407966
3.66027
3.57324
2.16749
0.68547
1.64598
1.30539
1.52138
0.779453
-7.48313
4.28653
1.1587
3.17383
5.50716
-4.16274
1.73023
4.18308
0.794685
0.684376
1.71633
3.08905
1.59315
7.51418
1.45487
2.9968
1.99356
0.755297
1.28057
1.71967
1.41381
0.284237
0.671128
2.94843
-0.913455
-0.336375
3.27734
1.33664
1.30743
-0.779513
-5.16148
0.84457
1.52628
0.553034
1.75012
1.27013
2.55163
-1.13861
0.972152
0.863503
-0.277997
-0.145479
1.18067
1.43998
0.943454
-0.299167
1.27528
1.36318
1.33351
-0.380491
1.46005
-0.0575966
1.57894
1.89022
0.881358
1.28868
0.89187
7.20063
1.31807
-6.49535
0.353518
0.118538
2.00743
1.5948
0.618122
0.746167
2.57694
3.37361
-0.812298
2.34462
1.19106
8.76085
1.8132
-0.450735
2.79812
0.540498
4.42258
0.96602
-2.77696
0.557898
1.64301
2.2676
-0.7935
0.353816
-4.70396
1.55526
0.688199
-0.118721
0.81944
2.65858
-2.73892
-1.41203
1.2741
1.53225
1.84663
-0.820521
0.321476
1.02039
0.233265
2.87964
0.566382
1.00907
-3.17797
1.49432
0.748792
2.29713
-7.15067
0.574086
-0.857729
2.83537
0.511578
0.126376
1.42146
0.0165824
-0.104017
-1.09418
1.32459
-1.84112
2.39461
0.99367
2.15989
-1.80783
7.65481
1.58702
1.17066
-5.58615
0.737979
2.2368
1.56685
0.347737
2.47773
-0.684279
-1.88841
1.45948
0.88138
0.595435
1.04427
0.596026
2.26994
0.956154
2.60259
1.96011
0.590516
4.25963
-8.83487
1.32955
1.9372
-0.359756
1.28402
1.46083
0.39911
-0.543784
0.641157
4.78534
-0.316342
3.54146
3.90131
0.746004
1.22346
2.45928
8.10516
1.19211
2.7113
0.00206846
4.01828
0.791589
1.1618
-0.786603
-0.820951
2.19741
1.7863
0.105755
-1.23397
1.55192
8.68252
0.645833
1.12665
-0.992815
2.92212
0.837785
8.76136
0.490682
-0.774452
2.05377
0.476698
0.847053
-2.74211
2.37675
1.3461
1.99761
7.58708
0.210164
0.174418
1.24823
-1.73937
1.14255
1.42971
0.583717
-0.480734
0.384372
1.08049
0.123808
1.10353
0.210962
1.28667
2.63829
3.05595
1.34773
2.69568
2.60679
-2.30073
1.46999
5.83147
-2.75574
0.712632
1.59474
2.53625
0.972701
1.72699
1.85266
0.583715
-6.24885
1.59178
0.395374
0.971946
5.442
2.36381
2.04494
3.75661
6.55251
2.81908
2.63906
-0.664508
0.652397
3.75485
2.76863
0.269285
2.83236
0.34834
-0.196994
-2.69156
0.893343
7.8841
0.0551109
-0.869335
-8.60994
-2.29249
1.38051
-1.12113
2.13471
4.16293
-4.91891
0.753104
-0.0510282
0.832081
0.0921378
2.5128
0.671504
1.65889
0.950334
-1.92476
-0.893089
-4.42823
0.865602
1.49018
0.954203
1.37871
0.386508
0.22942
1.36343
5.5044
1.92176
2.03103
0.528786
0.469156
0.395909
1.15915
2.1572
2.78243
1.77482
2.04242
2.28898
1.10246
0.739864
0.275932
1.77349
-0.403718
0.941923
-5.65131
0.928946
1.75415
-0.0345927
0.635145
0.899641
2.3012
3.8191
1.99395
0.617184
1.97728
-1.04655
1.23014
0.165475
1.42609
0.982185
5.15764
2.17303
1.32962
1.14279
1.01975
1.83656
0.53125
0.923415
-2.61091
-0.205018
-7.12481
1.32048
3.8393
3.05563
-0.265344
3.15496
0.726311
2.23948
0.570399
-3.30631
0.492965
1.31231
4.45924
-0.0998688
1.82686
-0.806077
0.273629
-0.402513
-1.42943
3.56384
0.985522
-1.08535
-1.00159
-0.392481
1.08799
-1.03872
1.36029
1.87376
0.058907
2.16504
0.622093
0.763724
-7.0575
0.776365
0.433608
5.48943
2.87273
2.31878
-2.99392
3.06904
2.58804
0.319116
1.08339
6.63477
1.51856
1.90165
0.625367
0.841848
-1.32078
4.33685
1.16882
0.535592
5.50098
-1.3936
-1.75123
0.220956
2.19951
3.22216
1.04155
1.09303
1.94192
1.82026
0.952705
2.22374
-0.124899
-1.86635
-0.248393
2.66713
1.64736
1.7609
1.68203
2.28545
0.669037
1.23334
4.52028
3.28068
-0.552792
-0.526481
-0.00682304
-2.20836
2.03835
-1.25564
2.01015
-0.908908
1.75913
2.91968
1.14501
1.30502
1.14442
-2.34708
0.996781
2.1554
2.31293
0.745063
-0.765458
0.852431
0.236228
1.18264
1.07386
1.13588
-1.82239
1.39243
5.4613
1.3628
1.27992
4.80793
0.591047
1.03502
1.37888
1.55467
1.10879
1.14378
0.452607
-0.855315
1.16985
3.40699
0.9341
0.996408
1.17905
0.394682
0.940339
2.73419
2.40426
-0.331628
0.176606
1.49282
0.59904
-4.14019
-0.321903
0.814516
0.692382
-4.1064
4.74689
0.383226
4.73162
2.04334
1.82995
1.99503
-0.203692
1.62184
1.86164
3.77852
1.58574
2.75092
-3.18918
1.2603
1.20516
1.39152
0.487287
-4.61566
1.64761
-6.36923
9.50957
8.83518
2.66631
-0.825403
2.20005
0.275787
-6.37642
1.34924
1.9826
1.30156
1.22484
0.542654
-0.97021
1.37018
1.18458
6.69037
0.988544
0.00250728
0.84627
1.01192
2.69147
1.16528
3.63679
-1.79828
0.137796
-0.811788
5.40973
-0.621268
5.54169
-2.88244
1.16402
0.463173
1.79423
0.302016
-0.200177
-0.0366741
0.492842
6.26867
-3.66865
0.968234
1.53844
3.03851
1.94154
0.684704
-0.00937693
0.306969
0.13902
1.57492
2.58776
1.69411
1.91063
0.476249
0.0785554
2.94199
1.7029
2.48967
1.71468
-1.23127
0.747282
-1.96224
1.29554
5.92867
7.10248
0.558415
-0.311197
2.39796
-0.5658
2.05457
1.85971
-0.196937
3.99078
-7.83965
0.801945
3.57356
0.157693
1.64791
0.97616
0.0608761
0.209029
-5.36798
3.08259
2.11676
2.86557
3.38492
-1.96176
-2.08544
1.02294
4.71583
2.86607
2.88386
2.25776
-6.78584
4.38723
1.05072
6.11923
2.78045
4.88283
-0.00581442
2.45593
-0.10411
2.62441
0.399941
3.39728
1.86018
0.648325
0.246008
4.69608
-0.0299674
2.98166
-1.94773
1.24741
-5.95855
1.64256
2.46048
1.58441
1.27909
1.45684
-0.379363
8.42127
0.772249
1.62409
0.483421
0.365258
-1.87927
7.30268
2.73161
7.15003
-1.52947
0.903005
-1.28166
0.823011
0.268469
0.718173
2.95592
0.922841
-0.335243
2.61932
0.553566
2.13913
1.8482
1.57307
0.790107
2.636
2.65934
-0.861783
-3.28115
0.462444
1.0483
5.12183
4.0921
-1.25266
2.1377
-0.755623
-0.0106701
-0.717553
-3.76483
0.516849
0.00209042
1.15426
1.19357
1.25704
0.808572
1.22539
1.33893
-5.60485
-1.08369
1.41704
0.533726
2.72344
1.29006
3.75033
-6.59795
-0.73093
1.31664
2.03061
-5.60706
1.26238
3.42133
-1.27615
1.48236
0.589326
0.025599
-0.212307
1.90378
1.35199
-1.40346
1.83344
1.41348
0.656909
0.132753
3.50278
2.05315
0.369001
1.90121
0.527752
0.827296
0.78404
1.51051
0.917553
0.95013
1.44371
5.41334
1.69287
1.93321
0.909797
-1.43825
0.288928
1.29431
1.19059
-0.613304
1.40118
0.960832
0.336006
-2.08477
0.687802
0.324106
3.96187
-1.07894
1.3023
4.19264
6.59802
0.914218
4.24415
2.41863
-0.875497
1.35509
-0.363897
1.91344
-5.76691
0.552789
-0.152014
1.0813
0.93552
0.65581
-5.55337
-3.18344
6.25479
-2.30328
1.84694
0.773763
1.1877
1.03012
1.00593
1.46172
1.19421
0.886775
2.296
1.60169
8.85469
1.23568
5.56323
1.03078
-3.46113
0.297656
2.2671
1.12154
1.19377
-1.62416
-0.757879
1.07677
1.07461
4.68766
0.969334
4.01252
0.449066
-8.86498
-0.983283
0.175369
0.668545
3.6808
-0.141962
-1.82803
0.543979
1.21942
-1.19887
2.17749
2.56233
0.840248
1.90144
-0.133708
-0.196837
0.285694
0.831664
0.999394
5.5912
0.555386
9.31819
2.60768
-9.01919
0.273117
-7.14004
2.26197
2.42832
0.704363
0.256901
3.51514
0.149451
0.989734
-0.769895
8.00121
0.723271
5.01667
-0.135921
0.487931
1.72276
0.255309
0.361442
1.46944
7.04696
2.44365
1.80572
1.34726
1.1944
-1.20338
2.02659
-0.215682
0.413401
3.12911
0.213385
2.3707
-3.34121
1.94738
5.93339
0.774525
0.80289
0.858065
-1.3597
0.533227
1.5255
1.46393
-1.02294
0.611569
3.83108
1.14898
1.26505
2.07163
2.65245
0.410426
0.897084
7.56157
0.659956
2.39901
-2.1032
2.88011
-3.30264
0.272044
1.13687
1.16507
1.05932
3.84185
2.84519
1.03575
1.26748
3.78749
-0.0513705
-3.1923
-1.08866
-6.50738
3.34611
0.321017
-0.108442
2.49888
1.22253
-0.500743
0.706007
1.30567
1.12682
3.40092
1.43563
1.311
1.74891
1.58835
1.72693
-1.44021
-0.106071
0.476524
-3.96885
4.37254
1.24975
4.07032
0.651835
2.40853
1.59653
1.97591
3.3121
3.59159
3.04086
4.21022
2.6797
-2.31987
0.399976
5.05542
2.03563
3.26816
4.05342
5.50456
0.334954
-3.68117
0.860991
5.85426
-0.301114
4.05482
1.20834
0.480035
1.70257
0.498309
2.98947
7.75929
0.759382
1.67451
0.689572
1.27488
2.05254
8.28075
1.67007
1.07816
-1.37901
-0.709114
-0.240387
1.04461
0.189106
-1.84849
0.0692835
0.293319
1.63657
1.2082
4.898
1.85392
-2.8406
3.06363
1.2564
1.29165
1.83442
-1.04533
0.619048
-9.22989
1.41728
0.304475
-0.33261
0.656276
-4.57213
1.30281
5.72499
-7.05017
5.82531
0.501286
1.2607
1.99851
-0.45894
0.91639
6.32364
0.253524
1.36426
1.25546
0.703538
3.94194
-2.79176
2.47929
0.391783
-0.305154
1.13478
0.503195
0.287229
0.220478
1.24057
0.581427
2.83252
1.18496
2.03551
0.211134
2.75907
4.29494
1.70503
1.84738
3.86252
1.91971
1.32193
0.542015
1.29367
2.9286
-1.91787
0.863226
-0.489207
3.55892
1.06073
2.74355
4.55331
1.93276
7.91
0.230928
-3.59196
1.41005
2.24199
-0.955487
0.262799
0.700554
0.488745
-0.381283
0.182981
0.64922
-1.00738
-2.17309
2.34111
-0.737762
1.40975
0.457992
-2.80004
4.10054
0.996882
1.77697
1.15985
1.15115
0.77713
-2.83884
2.68595
0.479125
1.02196
0.0977117
4.39436
2.43638
-1.5108
-0.0958609
4.26144
0.978722
3.0862
3.81809
0.331639
0.679437
0.535046
2.21671
1.87043
7.23966
1.37819
2.60214
0.740325
1.00785
0.439686
0.437343
-0.783673
1.00994
1.23724
-0.814455
0.760805
-3.42042
-0.280501
0.378126
-0.149226
0.943227
1.34538
0.524325
1.98866
0.776582
0.201586
-0.8624
-9.58408
1.58966
4.06305
0.938513
-0.593239
2.33806
9.66674
1.80472
-4.3028
1.39152
1.7873
1.27975
-2.23369
-0.293273
0.731132
3.04238
-1.02154
1.8471
-1.51609
-0.117629
3.3206
1.43475
2.3885
-2.82762
6.4505
-2.54182
6.39132
0.796148
3.63709
0.649589
1.21164
1.53625
2.81677
0.500585
0.926295
0.0276689
1.15891
-1.90179
-1.15863
-1.04404
1.08396
8.94872
-0.260889
2.44626
-1.81338
1.85345
3.78446
2.84534
1.45844
-3.17307
-0.592536
2.07906
0.886367
0.217801
0.910198
6.6989
1.14541
4.31173
2.23543
0.647382
-0.0103455
2.17602
2.24604
1.46248
1.14559
3.07013
0.477811
-0.644197
-1.75619
-0.0733622
2.33267
0.732683
2.33952
-0.410802
3.48037
1.72895
3.41946
0.761883
3.73705
0.50065
1.52992
0.80221
0.980141
-0.960926
6.92109
1.65583
-0.226334
2.59347
1.28574
1.34506
2.19225
1.57511
2.97485
6.45711
0.0922472
0.287838
0.762788
2.44037
-0.500392
0.489358
0.576556
9.56484
0.265615
-4.75681
0.588287
-0.580405
5.39931
-4.98007
1.15707
2.22595
1.35791
-9.63922
1.86039
-2.17583
2.12048
1.37417
1.69338
3.13039
0.692198
1.8789
-0.826375
1.82558
-0.983297
2.31907
3.04263
2.36666
-2.98536
0.927017
1.1982
1.11832
-3.59765
1.48117
0.429182
1.53784
0.949706
0.464833
0.828731
-0.0125248
-0.133505
-1.45634
0.778622
-6.60578
1.14403
1.08627
-3.10074
4.47932
1.72731
0.888873
5.62183
-1.33559
-0.241064
0.471445
0.218971
0.523955
2.11656
1.08202
0.691419
2.52749
2.55363
2.03457
1.26558
-1.01547
1.63194
2.64984
0.854817
1.0291
0.179442
-2.16178
9.12793
0.472735
-0.644327
-0.494692
1.89003
1.76932
1.64729
0.24998
1.73083
-0.339703
2.54737
0.334406
0.34984
2.31253
1.1158
-2.06826
0.459631
0.163499
1.22905
0.992281
0.775735
1.13818
1.01342
0.619984
-1.70286
0.927607
0.952435
-0.648521
1.40703
-0.843181
0.187156
-2.14971
-0.220072
2.80571
0.867513
1.85154
0.873757
3.88393
0.298151
1.14351
3.64499
0.876714
2.74542
2.02357
0.837791
0.884639
2.59476
1.5575
1.26091
-1.13525
-2.05716
-0.175733
1.14004
1.38653
1.45599
0.970716
1.46129
0.506488
3.51398
1.85403
-0.412387
0.380079
-4.33348
-2.00301
-7.06895
-0.188957
0.12135
0.10678
-0.503766
2.07639
0.228672
-9.36517
0.842776
3.58185
1.72049
-2.21899
-0.913522
1.20901
0.316024
-6.40374
-1.35846
-3.11925
1.13141
1.58862
-0.199684
0.585873
4.15444
3.73986
-3.14613
1.20057
3.93204
1.41886
1.1877
5.48274
1.34334
-1.80998
-8.10449
4.1725
-3.92858
0.68851
1.00773
2.09635
4.31001
0.491398
2.14869
-0.792085
-0.873674
0.914212
0.162312
-2.01568
2.06426
1.21742
5.31133
0.633621
0.723795
-1.75455
2.43275
1.11214
-4.43164
-0.9344
-0.714094
0.717155
0.0769043
0.60288
-0.412617
-1.29024
-0.703512
2.35236
-1.28307
-0.502683
1.72519
0.541614
1.26758
2.06998
3.28341
1.21581
3.34915
0.60782
0.577747
1.40689
1.52735
9.22277
1.47577
1.25201
1.63932
2.05154
1.53733
0.88941
1.08562
1.2685
1.21454
1.42305
7.64566
0.622635
3.5064
6.85112
0.890229
0.837123
-1.36055
3.78641
0.732798
-1.15996
-5.50769
2.73559
1.27994
1.91572
0.937506
-7.59204
2.50849
2.05339
-0.0401115
0.878449
1.10311
1.40178
-0.185883
2.05566
1.46964
1.66794
0.398075
1.20184
0.596667
0.673041
1.57773
-1.43577
0.672043
2.69477
1.56364
1.25528
1.31795
1.40424
2.1348
1.60491
0.32994
0.140319
1.57336
3.73975
1.06681
2.39458
-1.65586
2.927
2.38811
0.149659
0.27579
2.95051
1.29128
1.12332
1.69999
-0.0508017
1.51751
1.56709
1.56741
0.645246
4.51704
-1.11027
2.06175
2.26131
-1.26152
4.19967
0.993479
-2.56458
-1.89826
2.12601
-0.40883
1.72517
0.662207
0.793923
-0.286353
1.15768
0.683143
1.90577
0.0795315
2.29428
0.851583
1.10921
1.85945
-0.263161
3.19201
2.76523
0.499177
0.926747
2.00113
1.86419
-0.664917
1.53939
5.86632
1.14673
1.59047
6.63221
-1.33159
1.77741
-4.46176
0.629927
-5.10063
-0.295063
3.58569
2.27964
1.65955
3.73113
-1.82111
-1.81562
1.05774
1.26298
1.08577
2.9607
0.0718048
-0.239834
-0.841698
-4.76695
1.9068
-0.480763
8.58731
2.14898
0.0296026
1.64959
0.642182
0.410356
1.05616
0.703041
2.81472
4.98704
-1.18869
0.922151
1.64477
-0.890354
-0.703865
1.90719
2.11307
1.72094
0.218003
-2.88707
0.729493
1.32423
1.18204
1.47925
0.555412
0.192922
2.42186
-0.138653
4.47143
8.15184
2.70304
0.629924
0.129727
0.0295645
6.25554
0.796464
-0.460095
-0.614413
-0.243563
2.48447
-3.21098
1.52314
0.949577
-5.96436
1.33105
2.82613
-0.334708
-2.01495
0.182185
-0.46259
3.72165
-9.67559
2.36486
1.06252
3.50871
1.98377
0.146821
0.678531
4.81399
0.614841
0.0399112
-0.587423
1.66401
-0.618499
2.92744
2.21545
0.617594
-1.92634
1.4137
4.45151
-2.09651
-1.16241
0.8972
8.16904
2.97142
1.51592
2.08123
0.221325
0.541384
-3.45114
3.87953
1.03037
2.7499
2.58693
1.99728
-0.405516
1.33052
0.26615
0.665629
1.38329
-1.50999
0.99614
1.77098
8.07699
0.787537
1.34979
-0.239135
0.247143
3.1811
1.10735
2.11152
-2.32108
2.82384
-0.346917
0.903839
9.98247
0.187148
0.827688
1.23587
0.859828
-0.389595
-0.308814
1.00619
-0.434858
1.12367
0.986452
0.705754
-8.88834
2.78039
2.61899
2.69357
0.855037
2.52429
1.78752
2.71755
6.93942
-0.38478
0.721196
0.805348
9.46691
1.06302
1.19674
1.28802
2.23254
-0.0196541
1.50519
0.180823
1.34959
0.254118
-2.548
1.63021
-1.20471
1.11866
0.828432
0.703409
3.42513
1.04227
-3.0995
-0.448543
-0.0918428
1.87533
0.904767
-0.592185
8.92113
-0.49979
-0.647152
2.50539
0.0261025
1.2039
1.27044
0.278165
0.489594
0.66924
9.94851
0.360431
1.72346
1.11149
0.86177
9.59342
1.95928
-0.273673
-0.0414188
-1.53646
0.923212
8.57466
0.56361
1.05925
-0.044522
5.80881
4.62756
4.40957
1.19518
2.9001
1.01447
1.12686
-9.99679
1.31126
2.23773
1.08954
-0.688918
1.27778
1.95862
1.78881
0.376869
-0.0263607
1.08254
-2.6996
-0.672372
0.647505
5.12233
-0.574265
2.11576
0.0702772
1.37774
0.519229
2.46166
-1.29036
1.15816
-0.772914
0.549086
-0.863598
1.69787
-1.15116
-0.869298
-0.79705
1.05919
3.55161
1.21866
1.36269
-0.403034
2.80985
0.831037
0.246208
1.56113
0.525627
0.785151
0.755175
7.02221
1.01495
0.611432
1.45181
1.17395
1.42037
0.985615
0.464713
0.281997
-4.79055
-1.16305
0.645111
6.05848
-1.62013
3.92032
0.184225
0.774775
1.20166
5.57317
5.67611
0.306075
1.08805
1.18055
3.0632
7.68762
0.696505
3.21806
1.07136
0.920555
8.49514
0.821423
0.0371766
-0.365864
-3.38956
-5.60538
2.4474
-5.76296
1.46602
0.0284843
0.451555
0.538723
1.25448
1.68744
-1.55602
8.04852
2.69186
-3.93027
-6.87202
1.61125
2.62731
1.43886
2.45617
5.48422
8.64181
-0.438931
0.738663
6.2192
4.56116
-2.03129
-0.672399
-1.26156
1.91518
9.56992
-8.97355
0.626884
2.03545
0.643154
3.9997
0.48909
-0.226153
1.78387
0.411034
2.57938
0.96303
2.96962
0.0270528
1.25961
0.745709
0.927617
0.605749
1.41983
-1.33811
3.50677
1.37724
-1.06954
1.58674
1.14256
1.05226
2.06197
-0.467668
2.12681
-3.01668
2.94332
0.096235
1.62684
2.83351
0.895772
-0.4103
-2.0375
0.481874
4.08754
1.48917
-0.573366
2.15433
0.488464
-1.14908
-1.20009
1.26676
1.51173
0.357116
2.16817
-0.516414
1.8486
-1.55762
0.898489
2.08029
4.629
0.731929
-0.996561
2.06204
0.0469894
4.25577
8.6734
0.469428
2.75814
-0.332643
1.16002
-0.0158567
1.23973
0.629105
0.105179
0.911574
5.07741
-0.682885
2.43864
1.43917
0.0381338
2.86818
-0.472649
1.07428
1.0584
0.623013
0.62351
-0.792757
0.0460988
1.30102
6.28621
-0.875845
1.19022
1.13271
0.922045
1.16597
1.76337
1.30061
0.634326
1.89505
1.17872
-4.84279
0.837921
4.35509
-0.390707
3.35517
3.22071
2.03602
2.83148
0.720177
-4.22612
3.83506
1.92566
4.30279
0.412488
1.58337
2.41564
3.35219
5.13467
1.57486
2.0418
0.91466
0.68844
0.961806
0.80561
-6.12755
1.13632
0.805245
1.61411
-0.285415
4.25322
1.34184
2.432
2.85651
-5.87826
0.760742
1.3586
-0.43915
0.661547
3.76708
2.27913
0.912668
1.21527
0.350439
-9.12862
2.84616
1.5427
1.46745
0.52728
0.328565
1.1355
-0.851356
1.08045
0.752906
-0.145832
-1.4982
-0.783656
1.00948
3.23435
1.47985
1.52794
1.23167
-5.42233
-2.22611
-3.28924
0.959746
1.85828
-0.895703
2.33327
1.90633
1.67102
4.58339
3.26166
1.33099
1.41527
0.997827
-0.515759
1.38758
2.1484
1.18854
3.38074
0.930513
0.398192
0.951367
-1.48828
0.395923
1.04662
3.72032
4.3552
4.91581
1.78608
0.24497
1.07694
0.452329
2.52659
2.7373
-0.647688
1.56745
0.509202
1.497
1.23935
1.57364
-1.49109
0.192457
1.82785
-0.356313
1.29608
-2.13189
-2.40354
0.334308
-0.315236
-2.42815
2.08979
0.80335
0.622525
2.7926
6.62875
2.34099
0.00806166
0.514839
0.0311551
1.31944
-6.44757
1.58398
1.50101
0.62815
1.24768
0.414137
1.81633
-0.172653
-5.10697
2.70787
-0.0510227
-0.264272
-0.255585
1.61381
3.3748
-0.000965859
1.89397
2.42106
5.01516
4.57303
-6.1815
2.36457
2.07728
0.412939
1.6355
-0.519332
-0.806654
0.701052
4.45735
-0.069075
1.30773
0.549158
1.81207
0.307341
-0.27023
5.57245
1.12505
-1.79168
2.14568
-0.907895
-2.39305
-2.10621
-0.667731
1.40156
7.82042
2.19954
0.0394487
1.59531
1.8239
1.39601
2.24203
1.75448
0.230445
-2.20736
0.81479
-2.5356
-0.257542
0.881335
-0.995442
-4.77615
-3.28187
-0.656488
-1.10571
0.806889
-0.55142
1.33519
1.14252
2.12468
2.64494
-0.639456
2.74264
-0.3005
2.3484
-0.141932
0.365384
2.03074
4.80548
0.862031
3.15164
2.98726
1.58426
0.258969
-2.84628
0.563074
2.69373
0.788093
2.35344
-0.680919
1.52273
1.31992
1.946
0.674079
-3.65508
2.95838
-9.7157
5.01953
0.758573
0.417286
0.823246
1.22543
-3.45017
1.15116
-3.4644
1.12643
-4.46672
-0.135357
4.16736
-0.514924
2.25406
-1.93727
-1.06795
0.775838
0.835955
0.887029
-0.620363
-3.65744
1.50389
1.0249
1.4081
1.17976
2.9241
-0.150687
-3.51002
-0.520142
0.938936
6.19248
5.74965
1.3079
1.03775
1.02561
-0.154123
0.523674
-2.78688
1.35922
1.93739
7.75591
0.818457
1.71332
-0.0181973
3.40046
2.04657
2.84586
0.513494
2.10985
1.91497
2.93711
0.0667141
0.639746
-0.785096
-9.12808
0.0310049
-0.643893
1.30271
-2.38614
3.64852
6.2512
2.26044
0.309416
1.722
0.461863
2.79342
2.8102
0.72217
-3.60693
9.40343
0.336118
0.944
0.573243
0.55647
0.353517
-0.170069
-0.693871
-7.26509
0.770504
1.23743
-2.20468
0.395883
-0.439675
1.43715
-0.353512
6.57734
2.33756
1.53592
0.818706
-8.63134
-1.4796
-5.06508
2.36513
3.09699
0.229755
0.248666
0.418096
1.72798
0.654148
1.85525
0.472873
-0.221238
0.334417
0.275127
2.42726
0.50279
0.481212
1.90715
2.47189
-2.31677
2.81906
-0.0281704
2.11602
0.375369
0.710879
-1.85454
0.13359
0.871725
-0.227937
0.874956
-1.09241
0.98947
1.20182
1.07237
0.135597
5.764
5.02395
-1.49002
0.709323
1.46483
1.04235
1.43424
-0.0374714
0.798856
-2.60759
1.79831
1.16093
2.04486
9.62484
-2.47551
1.0398
1.88967
1.25607
4.15269
1.24783
0.337349
-0.752413
0.591991
3.56938
-0.150794
1.51795
0.790325
1.37192
1.1612
2.1375
-7.66177
1.438
1.6195
1.40693
-0.586687
-1.31728
-1.00341
3.54495
-1.02153
2.28158
-1.55071
1.25356
0.686053
0.240895
1.29857
-0.159262
-2.85336
2.47445
7.30644
3.38415
0.377374
0.424424
6.19411
3.96573
-0.670831
0.423738
-0.0802348
-2.62089
1.94578
-5.46258
6.44327
0.798819
1.35967
-6.76095
-3.03513
0.455719
1.06086
0.950267
-3.29496
0.735946
1.66897
0.0904468
0.526692
0.959759
-0.163258
1.46485
-1.48435
0.362254
1.14563
-0.689831
0.448064
1.55297
-0.68985
2.13836
-6.68226
9.88018
0.986526
-6.08546
-0.770488
-3.65068
0.164865
1.51046
2.21656
0.25068
1.50622
-2.82291
1.12854
1.20293
1.06972
4.42041
1.29194
1.02629
0.916741
-0.190597
-2.84824
1.62326
-1.05953
-2.71872
1.86435
2.33135
0.545718
-9.38758
1.03145
1.08019
-0.107726
0.720032
0.624188
1.39816
4.15376
0.76738
0.788441
-3.9502
-2.45505
1.99829
1.71111
1.51494
1.27522
1.75787
1.16379
0.312334
0.536194
0.325545
2.0334
1.14638
-1.49832
0.0640525
1.00065
-0.0294694
1.25054
1.63557
2.43603
-0.892368
1.24907
1.55852
2.81828
3.30639
0.734767
0.769597
0.197006
2.8058
2.67155
1.13528
1.17319
1.95201
3.27316
2.66048
0.707973
1.95312
0.0609333
7.02854
0.875076
0.08659
1.41743
1.38872
4.0878
9.99498
-0.197741
0.240475
1.02221
1.53049
-1.85262
0.953303
1.30168
3.93427
0.38884
0.501831
1.2629
2.05947
1.89652
0.40158
1.05721
1.19053
1.40624
2.73269
1.20053
-1.4021
4.08213
-4.98303
0.838154
-0.152762
-2.17167
-0.35187
2.80397
0.379769
4.84257
2.16038
2.7206
1.38086
-7.67729
0.703052
5.68477
3.29999
4.2886
5.1211
-1.44597
0.44941
-3.91645
-0.409116
4.57066
-2.68678
2.99912
2.47802
-7.65431
2.28824
0.48154
2.83476
1.36084
-0.107197
-0.467708
1.65675
1.18162
1.3579
-2.23354
-0.28977
0.543263
1.46903
1.32884
1.46903
0.227313
0.348524
-0.410394
2.12482
1.55442
0.254313
1.92694
0.338984
1.69674
2.03051
2.47183
0.692326
0.499357
0.793684
5.27257
-6.96392
0.876952
-0.166998
0.315102
7.39311
0.355003
1.18911
3.68303
1.63965
0.254491
5.04288
2.4511
0.44288
0.944123
-0.544326
-0.270725
2.8816
1.62706
5.72347
1.5315
1.84292
1.29798
1.07092
0.459408
1.77456
2.88022
-1.06512
2.23752
-4.60699
2.46041
-0.379979
0.937303
-2.5714
-0.884591
0.703475
-0.966378
-5.1998
1.38659
1.96406
0.641179
0.553758
3.25263
1.08751
1.65288
1.12585
3.11049
0.900962
0.433525
3.0283
3.33812
2.29991
2.06362
2.70252
-1.14847
2.00963
1.55408
1.77336
0.629275
5.48303
1.76581
2.27013
-2.87173
0.896217
1.98339
-0.715842
-3.85991
-0.226523
-0.148522
1.17367
-0.0264318
7.3747
1.66706
0.563961
6.68649
1.23169
-1.07373
-3.51514
-0.703762
0.952955
0.639423
1.11034
1.00451
0.283282
-7.24623
3.20616
0.750116
6.77892
1.7739
-0.35014
6.94059
-0.733859
5.46223
5.06363
1.872
9.38531
1.33294
3.63275
-1.34898
1.32939
-1.03804
0.567688
3.35738
-0.432123
0.229899
-0.458954
1.33175
-7.44711
1.51405
7.09036
2.41244
6.45426
0.374714
0.513516
0.215688
0.832456
1.97567
1.80891
1.25937
-0.140587
-0.671721
2.97975
-0.903277
-0.622029
-0.223205
2.1388
1.1903
-0.347167
0.776735
1.37424
0.558276
0.630955
1.03085
0.245438
3.91081
5.73991
1.63585
0.735616
1.13896
-1.0544
0.133223
1.11217
-0.855953
2.44388
0.995024
1.53785
1.29721
2.97016
1.28648
1.04438
1.54186
1.18116
2.25581
0.911466
0.0754282
0.533931
1.85928
1.07366
1.13391
0.578205
0.686679
1.37418
1.74173
1.40448
0.622161
-0.0423422
1.94052
-0.62914
0.658156
3.08046
1.35861
1.86595
0.559218
4.68676
1.31206
0.477749
0.48183
5.423
-1.4861
4.24462
4.01493
-1.49605
2.54154
2.14077
-0.540711
1.70067
0.384511
0.659259
0.0405972
1.5109
-0.12358
-8.66507
0.310616
0.80731
-7.86311
8.44691
0.44786
8.33792
1.31532
-0.708454
5.78552
3.02228
2.58711
1.31057
0.682516
0.853353
4.11359
-0.125784
1.11072
1.40805
1.93633
5.49065
1.53452
1.25996
2.4187
2.73707
0.711324
1.25105
0.00955004
2.20857
0.740626
1.12812
0.983038
0.353981
3.64073
0.726356
0.176528
1.45426
1.70783
2.47459
2.11695
2.63197
4.72718
0.925534
-0.880837
0.521633
4.19553
1.14982
1.07681
-0.9539
1.4802
5.44025
0.0260697
0.880784
7.10977
0.617948
1.01879
0.159852
0.251261
0.702908
0.508092
0.876962
1.55659
5.33295
0.431935
0.751248
1.0316
0.88026
0.733387
-2.22071
1.6205
-0.417328
0.440291
0.145987
6.15408
2.08169
0.510318
0.889986
-1.59344
1.01039
0.614532
0.0513603
-1.35998
-0.288068
0.339854
-0.0521152
0.47202
4.96246
1.77521
3.34653
4.15702
1.65759
-0.718022
2.34672
-0.386064
-0.0202441
-0.112245
1.95623
0.953707
1.83612
8.80725
2.26971
3.62582
-2.17037
1.66008
-2.15674
-3.4138
1.1875
-0.0118222
1.62947
1.77332
-0.0637659
4.12259
1.5799
-3.53853
6.22298
1.31078
0.75362
0.652341
0.560838
1.74283
2.35679
-0.506199
0.464508
-8.61367
1.72241
3.14074
0.787758
1.77594
0.521192
-0.0877804
0.570157
0.340302
-0.445632
0.0432623
-1.84421
1.69409
-0.806462
2.49352
0.207725
1.68422
2.63535
0.814519
1.51825
1.35575
-0.163503
0.832427
-1.38363
1.25845
-9.3424
3.66665
-2.13285
-1.84683
1.298
0.488226
1.45344
-0.101943
-0.136212
-1.84209
0.774941
3.29162
2.16158
0.650486
-2.93566
-0.807099
0.931092
1.59097
1.11194
1.14232
1.37938
2.23236
-0.843695
-0.879271
0.258619
0.661182
-2.15078
3.09838
2.01981
1.21137
0.245561
-3.51099
0.717474
2.43425
-2.13676
2.80421
-1.17988
-5.48273
2.43811
0.0688194
0.710863
2.05441
1.42726
-0.503492
2.31053
1.03605
1.04301
-2.41109
-0.451121
0.926865
0.412497
-2.64879
3.78384
-5.20988
0.323851
0.0575935
2.88796
0.262013
4.63718
1.55116
1.08893
-0.414624
2.73819
1.88514
3.57685
-5.93838
1.51309
2.55551
1.52595
-0.448274
1.61928
2.65821
-0.213709
0.257542
3.75418
5.12369
1.60077
0.940206
-0.143946
-1.00385
2.13496
0.519754
1.3434
1.23662
1.1356
0.467943
0.912021
0.971867
0.560853
-4.30943
3.37766
-4.33764
8.10506
1.76573
0.36692
0.45876
2.11525
1.44658
-0.660107
0.355342
1.03585
1.49483
2.80098
0.814482
2.93738
0.218245
-0.671183
6.86872
1.54142
0.759366
0.0176192
0.297406
0.657779
-0.587886
3.61598
-0.619003
-0.481972
1.53633
0.885563
2.7967
-0.0900968
0.803708
-0.171098
0.550507
-2.97099
1.42585
1.93084
0.935713
0.812457
-1.31412
1.27555
0.560838
0.547798
1.7563
1.09625
-0.19334
1.19527
-1.02288
1.82908
-2.99496
2.59991
1.83505
5.72679
4.07537
0.45374
0.27729
2.08613
-1.00782
1.21044
3.295
1.22453
1.65807
1.39183
3.23579
0.778502
1.25543
-0.101864
1.83785
3.27117
0.572723
1.02101
1.48107
1.54995
1.46553
-0.564876
-1.3801
0.431257
1.31643
-0.898665
1.37333
-0.272478
1.19618
1.70431
0.91619
0.581103
1.51831
6.58862
1.31873
3.419
0.718816
1.67906
0.930632
2.1875
0.13787
1.22845
1.02229
-1.28597
1.1027
2.29999
-1.01241
1.0622
0.38268
0.244533
3.03655
1.97681
-1.2642
4.85556
0.630771
1.10883
0.333579
8.28188
9.92308
1.22024
2.29154
2.89032
1.50432
3.53042
0.588501
1.78753
2.09851
0.762209
1.29708
0.0348294
3.20062
0.676893
1.13187
0.69434
0.835436
1.8101
3.74795
1.06611
0.867309
-8.68894
2.14918
-8.66392
0.498525
0.14649
-3.7199
0.726464
-1.01816
9.14338
1.15376
-0.0240672
0.337703
-3.13266
-1.36226
1.00261
-0.320507
-0.0154445
0.994543
3.21221
1.36147
2.38121
1.55519
0.589232
1.88901
-1.68272
-0.50756
-3.80932
0.957706
0.509473
0.424872
-7.68207
1.77786
1.92211
0.928393
-5.29718
1.637
-0.457887
2.34855
2.20965
-0.0298078
3.58873
-1.71793
4.50441
2.86092
3.57684
1.84933
-6.11805
3.02195
1.21828
3.03484
1.54205
1.43747
0.892559
-0.468274
2.75747
0.389043
0.127658
-0.25864
-1.74028
0.851611
0.870785
-1.05352
-9.44229
-0.314856
3.49295
3.6327
0.863291
3.1318
1.18139
1.46822
1.84915
1.20959
1.55574
-1.18172
-3.66349
-0.0215132
0.477911
0.814867
2.4309
-0.262281
0.642696
6.78635
2.05138
0.849224
1.47968
0.181108
-0.553217
1.23971
3.23688
2.62898
1.42236
4.71362
0.591686
2.10654
0.132527
2.30708
1.26908
1.26809
1.94926
-6.2156
-1.32218
-2.46876
0.56204
1.8078
-6.63748
2.39047
1.83456
-0.306379
0.481002
3.9178
-0.39801
1.63406
0.452303
-0.519252
1.00224
2.2391
-0.606941
1.27658
0.601836
0.873754
-4.87025
0.350359
1.63362
3.3531
0.57953
0.881557
2.33205
1.88883
-1.16097
0.264762
1.86239
1.84842
0.681253
1.01955
1.62255
3.52322
0.151686
1.3066
-0.144328
1.3767
1.20909
0.0326718
2.6086
1.47735
0.828834
1.85002
0.962503
1.70732
6.04555
0.987954
1.75902
2.96769
1.18816
2.38241
1.87211
1.06055
0.310188
-0.19019
0.026958
-1.86298
0.856998
1.45282
2.83158
2.46782
0.525341
1.11765
-3.25164
0.758921
1.78063
-0.105541
-1.15546
5.5126
1.74526
2.63451
5.09107
2.16222
-1.20139
5.122
0.836241
1.95158
0.828985
0.345332
1.20473
7.01318
1.18616
1.35883
-1.25621
0.342548
1.71042
2.3622
0.809042
0.33963
1.03364
1.21106
1.13314
2.34019
7.43948
0.481459
-0.25542
-0.248479
0.582015
3.32822
0.458944
0.480698
1.02232
-1.47904
3.01488
1.74692
0.652021
2.42079
0.979134
4.04783
0.446802
0.36461
0.943498
3.86416
6.38536
0.405745
1.9814
5.2819
-0.555341
-0.737322
1.81586
0.239378
3.1315
0.530774
3.08928
1.75126
1.36638
1.16404
1.57232
0.839434
0.479574
0.710786
0.917174
0.477532
0.168611
-1.10182
1.67581
4.91493
1.34499
2.63577
2.09738
1.79666
3.19834
-1.39573
3.22222
1.17587
-1.29208
0.885435
0.703989
0.35074
0.881505
3.49322
0.186357
0.940281
3.31655
0.865291
-0.601363
3.52002
0.540943
0.360905
3.56766
-0.872859
-2.23709
1.48062
3.17779
0.347004
6.66899
-3.29308
2.6893
0.984722
-0.543263
9.76722
-0.735705
0.790124
2.95695
-0.104256
-1.67806
-1.3584
0.300575
2.43985
7.52243
0.488317
1.36091
0.726226
4.0778
0.938913
1.3236
1.87382
6.23729
1.01898
1.72949
-1.60417
1.34908
0.022005
-0.37597
1.2002
-0.668776
0.892672
1.98349
5.59577
-0.235533
2.66799
1.74804
1.6028
0.927058
0.789641
-0.283718
1.71793
1.19176
1.30832
1.9029
-7.26896
0.914543
6.47456
0.974985
1.12675
0.414436
-0.297456
-4.17387
0.175893
0.834442
-4.25171
0.413296
1.66058
1.46369
0.277054
0.988907
1.55665
1.42853
3.25085
0.644993
2.52064
-0.418141
0.17514
1.51701
0.804283
0.0775363
1.2667
1.47018
7.31982
1.37821
1.45582
-0.0134452
1.46041
-0.497218
4.57384
-2.57992
2.98262
-1.43661
1.19182
0.684393
1.94944
0.601622
0.154371
-5.74074
2.09164
1.15263
-0.449194
-0.396621
6.85913
0.208136
0.703328
1.86611
0.78271
2.37465
8.80368
2.64725
5.01955
7.10122
0.600746
4.39224
1.69911
2.05422
-0.970893
-1.84112
-7.02305
0.491955
0.748428
2.63915
1.3655
-4.28236
1.84043
-0.237191
-4.19527
-1.57251
3.33231
1.84904
2.58992
0.761414
0.751867
0.820012
-1.17209
0.869247
1.10814
1.31962
9.29818
1.24396
5.2184
0.413061
2.67469
2.07064
0.526536
1.4513
-0.837647
0.995671
0.875598
2.09859
2.9576
1.47964
5.47694
-2.52336
0.65092
0.523035
0.786032
1.22278
1.81335
3.3133
1.22217
0.441817
0.109897
2.6453
2.18638
5.72208
0.835399
0.345442
-0.86625
1.27796
1.00725
2.00823
-2.63653
-4.06233
0.440905
0.191419
0.0986065
0.333901
0.789712
2.12706
-0.426963
0.835154
1.05464
0.653706
1.37727
4.69878
1.18404
0.832868
0.352206
2.2299
-0.311723
1.3791
0.999723
0.260812
5.65138
6.45118
0.417908
-0.522563
3.11655
-0.189658
0.479455
0.741663
-2.1096
1.82353
-0.871362
0.783153
0.805381
0.850217
1.42459
0.142381
1.21965
1.24632
4.61632
1.36857
2.47223
0.0687623
1.09964
1.45495
1.32596
1.37592
-0.0894623
2.53308
0.435699
-0.182994
3.79489
0.0343484
-2.33961
-3.43864
5.29927
-5.38097
2.56765
-0.174254
0.818775
2.0842
0.0362764
3.6677
1.93193
-0.909231
1.15668
1.18262
0.471467
1.44226
3.96696
0.834071
2.06757
-5.16759
-3.5419
0.770774
1.44203
1.11335
1.09232
2.08483
-2.93251
0.600965
1.54489
0.0726884
0.586743
1.73357
0.562274
-1.26268
-0.414516
-4.69115
-0.629195
1.3696
1.89636
-4.83707
2.02072
8.01016
2.23256
0.802954
1.00997
2.4323
4.35658
0.880351
0.959957
0.395522
-4.30525
-0.323777
1.16236
-1.04654
5.44975
-0.0425452
-0.214974
1.32575
-4.02293
1.38411
-1.85822
-0.0888034
0.689889
1.1962
-1.75789
1.72739
1.99932
0.341267
1.87198
9.887
0.643521
1.00531
1.42573
0.717205
1.68445
-3.19588
3.21135
-0.170383
1.25537
2.64829
0.627314
1.19166
-3.98797
0.965442
5.71584
0.948917
1.30589
0.593796
0.190166
1.14174
1.6133
1.67036
2.29188
-7.8179
-1.30415
-0.841445
0.252629
-1.9179
3.24867
0.706484
-7.47336
-1.20787
1.75062
-5.37521
1.06786
4.17763
1.02426
0.930854
-8.66692
1.60253
0.0617613
1.53427
1.89553
2.51519
2.24652
0.195583
-0.211713
2.82847
0.940391
2.25141
6.32353
0.705719
1.2055
2.85612
1.19183
1.28047
0.728537
2.56964
0.95585
1.34322
0.154692
2.88588
0.616349
1.16693
1.32924
-0.190808
1.60674
1.70665
3.36936
0.38825
-0.246931
1.76404
1.14436
1.23722
1.93997
1.45613
0.459558
1.17118
1.84116
0.696257
-1.89234
0.888334
0.652524
0.333696
3.32388
2.97069
0.650898
1.58813
5.40531
-0.526632
2.66284
3.06436
1.50285
-0.347996
1.3134
1.33332
1.76304
-1.30857
5.60053
1.07613
7.01197
2.76503
0.675586
-2.82372
-0.425966
1.87446
6.75748
0.732235
1.25145
1.58619
-6.44001
1.63604
2.31443
-1.40577
1.94592
5.63498
-2.117
0.770135
1.80088
0.0366949
1.82107
-1.17012
3.23274
-2.24657
0.570927
0.0472638
2.18876
1.4734
1.21536
1.28688
0.225356
1.48656
8.13668
-6.16521
-3.43572
9.10252
1.01851
0.588455
0.260683
3.5165
1.20151
1.48698
5.07359
1.21232
0.190822
1.37143
2.4428
0.709737
0.298718
0.946775
1.36922
1.18924
0.407978
1.79761
1.12325
-0.562664
-0.951137
0.127183
1.77153
0.918391
4.16444
4.40734
-0.851312
-0.441564
1.33541
-2.68981
0.24097
0.743565
9.10607
0.770225
-0.7742
0.985854
0.984602
2.95464
-0.166081
1.56622
1.60964
2.67809
4.96003
1.7822
-3.59098
0.299228
-3.10215
4.00751
6.50161
-0.0709775
2.21242
-2.07418
0.657569
1.59785
1.37689
2.06867
0.572349
-0.257622
-5.31913
-0.0550135
0.341274
1.44478
0.939088
0.817689
1.40181
-0.153228
-0.865403
0.291224
-2.08498
-3.35041
-0.728929
1.12133
0.254847
3.00832
2.31434
1.77707
7.71861
0.50527
2.17176
6.48764
0.585413
2.90091
0.204432
-2.75655
1.21925
1.22072
4.07832
1.45739
-1.19405
2.29316
1.0307
1.70866
-9.33569
2.05189
4.63185
0.8862
-3.67311
1.44487
1.49301
0.992097
1.42021
0.70387
1.16783
4.72934
0.725887
1.61192
-3.56404
1.41317
0.341015
1.86568
-2.61773
-1.81175
2.18933
1.39391
5.57146
1.53109
2.63029
1.36446
-0.122961
1.30472
-3.57762
4.14672
-0.625223
1.24835
-4.74436
1.98191
0.594582
1.59005
0.0515672
0.400333
-0.860844
0.432601
0.173871
-3.07181
0.947151
2.00331
4.5195
1.48077
0.209196
0.0664631
1.75361
1.46547
3.10364
0.460053
2.68741
0.182641
-0.656245
1.54816
5.36384
-2.19722
0.759729
3.00551
0.786267
-5.3732
-0.790093
-2.63609
0.537066
1.9597
-0.633206
0.9352
-0.346729
0.80865
-1.03519
4.36061
1.80841
0.991004
3.32364
-0.00229177
2.25869
3.94784
0.481002
0.659958
0.808417
2.10411
2.80919
-0.634217
0.77476
1.24037
2.34367
-0.861869
0.00226452
0.939524
2.6765
0.578567
0.485197
-0.267551
1.56936
2.59976
-0.251696
0.471553
-0.429812
-0.602604
-4.91673
-3.01694
-0.563692
1.10295
1.06452
1.84769
-1.2893
8.96067
1.10008
0.945579
-0.328435
-1.37564
3.42267
-1.13627
3.96102
1.24932
3.93125
2.74358
-0.845009
3.04449
0.576407
3.22736
6.98485
1.96993
-0.0682864
5.76866
3.08224
5.03148
7.2829
0.985213
-0.991006
-0.416781
3.34006
0.417166
5.2541
1.61314
0.369738
1.56012
-1.69465
1.39232
0.333457
1.45227
3.84107
1.80807
1.04549
1.25467
2.30681
-0.455916
0.672726
1.3328
2.24013
3.10486
2.7644
4.27712
-0.0821381
8.35169
1.43754
-0.45794
2.5906
3.9593
0.213145
-0.103119
0.542976
1.1697
0.179448
-0.427862
1.78974
0.404048
-0.101095
0.952684
1.89644
1.41746
1.29698
0.667278
0.307176
0.71037
1.23589
0.964969
6.94904
0.95853
2.62552
-2.2602
0.728952
1.62275
0.711974
1.71838
1.24725
0.269702
8.06856
2.5686
2.78658
1.00374
2.26429
2.12743
8.04874
3.98005
0.634235
2.13936
1.18975
1.01236
-0.396622
-4.72663
9.05867
0.880238
0.335966
4.96468
-0.666349
0.024246
1.20976
1.44398
-5.59893
7.1661
-1.02909
0.914245
-0.620095
1.11199
4.19237
3.61317
3.50818
1.5012
0.400191
1.0694
1.00162
1.75516
-1.51706
-0.521835
1.04111
0.659646
0.388768
4.31198
4.37529
1.09187
-0.515266
0.577488
-4.50988
-1.75493
1.25665
5.51118
-2.21911
2.18104
-0.110262
1.02657
2.47293
1.43361
1.58037
1.2113
-0.337585
1.01651
1.22736
-2.15904
0.25589
-1.56957
-3.23696
1.14802
0.0580971
0.199491
-0.639884
0.129424
0.509815
-3.57837
1.50329
1.48479
-7.56142
-0.802567
0.696103
0.474494
1.39396
0.689084
0.795787
4.39793
0.373087
0.409146
0.289182
-2.8047
-0.345053
2.302
-0.195203
1.50222
0.428489
0.448682
0.765961
-1.16791
1.36143
1.76085
-0.0264834
-1.87559
4.27342
0.288074
-2.18366
0.346909
1.92856
-8.07627
-1.85475
5.06047
1.78405
-5.28471
6.00692
0.477637
1.44989
1.26085
2.68143
3.76757
4.58106
1.23549
0.854561
2.08957
0.710036
-2.23973
2.00067
1.42287
9.67539
-1.27579
1.12948
0.945173
0.780153
1.11984
-4.32667
-1.62676
0.232798
0.898824
-0.17711
5.35107
1.99167
1.42391
0.900961
5.35207
7.98736
-1.90104
1.17046
1.0926
1.23535
0.088586
0.717249
2.63131
-2.48491
0.85467
1.66916
0.436826
1.47145
2.02153
0.168606
1.01729
0.359251
2.0795
-1.73455
-1.70006
4.59916
0.94771
1.56277
-0.50757
1.03375
0.00624825
0.846838
1.41206
1.16058
0.251449
0.696048
-0.471666
0.441456
0.680775
-0.139233
2.3912
-0.0303001
0.883239
3.32628
3.96567
1.09124
1.10348
5.72508
2.89975
1.15045
2.0594
1.31767
0.74403
1.18562
0.0274769
0.4054
-0.885957
0.183506
-0.89059
0.839059
1.9789
0.848187
0.381048
1.24137
-0.178541
0.719984
1.12797
2.52729
1.40642
1.9395
5.44346
1.17148
2.01204
-0.883851
1.08959
1.22968
1.58357
0.966961
-2.00689
0.816511
-4.1699
9.05479
0.551018
-8.73417
-0.914098
1.7198
0.802965
-0.937855
2.47037
2.53635
0.620658
0.489711
0.602822
1.62637
-1.1983
1.05077
1.49957
2.16626
1.4511
0.704023
0.13542
4.63508
3.45091
1.06954
-5.49811
-0.160429
1.72133
0.912309
1.57478
3.34155
1.30653
0.0103828
1.29392
0.884325
-0.134297
0.466193
-0.58522
2.26655
1.14617
0.16068
-4.95144
2.24211
-0.00107069
-1.25014
0.52841
0.647387
0.595188
0.32038
0.0449989
1.70876
1.27746
1.02023
-0.199258
1.61225
2.07432
0.552945
2.162
2.45048
-6.16735
4.42627
6.53923
-0.385977
-1.92578
-0.893789
2.36558
0.146986
2.50897
1.56545
2.97863
-6.03375
4.06123
1.40187
0.496104
1.29423
-0.0361755
-0.900976
0.156272
0.996571
1.46172
-0.838334
-4.76394
-0.0757862
-2.99244
1.57357
1.4901
2.25487
0.0233304
0.912315
1.1016
1.51438
2.29846
3.02375
-6.04316
-8.25263
2.77664
0.791573
2.10563
1.04826
9.59675
4.15723
1.41538
3.15038
0.662998
-6.99437
-2.64921
-0.291079
0.584265
1.67534
1.20481
1.53703
1.44665
7.35548
0.0450003
1.29782
-2.2662
0.561082
0.370356
4.53721
0.257689
0.0472344
8.56906
1.2094
3.46282
-0.36605
1.44691
0.99447
8.01932
1.95745
0.811648
-0.607313
3.8528
1.45134
1.6583
-1.95086
0.332192
-1.1257
1.46358
-0.668636
-1.37969
-1.46421
0.435618
-0.534524
0.427736
0.926223
1.00694
0.730534
1.81924
4.53357
0.558735
3.38427
0.55282
3.24363
1.19219
1.82698
-4.78519
0.882866
3.42745
0.0696559
0.908945
1.54329
1.60285
-2.60333
1.12296
0.991839
0.590879
7.35337
1.68298
-2.46497
-0.68107
-0.780443
1.26111
2.70485
0.721945
1.64615
1.64958
2.14898
0.687668
-1.47295
1.8693
0.215177
0.520236
0.92193
0.923282
0.38947
0.862524
1.06962
-1.24397
-0.758541
1.48131
0.386946
-4.29823
-1.02483
1.50105
3.27316
-0.95338
4.39742
6.19421
1.5362
5.07864
1.5073
1.59462
1.18337
-0.521016
1.92258
-0.337307
-1.65515
0.581951
0.86897
6.90231
1.21418
2.22221
-1.69777
2.05051
0.837828
1.90444
0.730394
1.92497
1.51598
-2.46004
0.110734
7.8775
1.99286
0.0800321
-1.83796
-2.5735
0.794998
2.94383
4.46283
0.99299
0.38276
1.18483
3.87143
1.04278
0.218698
1.78162
6.12822
-6.02921
0.437472
-1.33004
1.13402
0.789423
1.92723
0.998335
0.819179
-0.242514
1.81555
0.489859
3.69961
-0.43566
-1.48611
1.04598
-0.0402523
0.296071
1.50359
-0.626604
4.26564
-0.504349
1.23431
-9.75648
0.221201
3.29723
0.1341
2.15366
-4.78697
1.03719
1.2965
0.702809
0.879801
-0.196869
-0.112334
0.455943
1.13106
-9.85415
3.9399
0.612326
-0.0382463
-0.728627
3.38403
-1.71204
2.31786
0.606101
-0.757978
1.27348
5.2088
-0.333863
-3.92577
-0.614743
3.26589
1.86877
2.50457
-2.72486
2.23945
0.704686
0.803235
-0.963174
0.946564
0.747389
1.19015
-0.560315
-0.991155
0.252759
0.817338
0.181098
-0.340297
0.0293248
1.66595
1.54746
-0.525724
1.81811
1.48697
0.556125
0.817858
-5.71197
1.31886
-0.0788083
3.31444
0.70689
0.63056
-4.38713
-0.101255
0.380323
1.42155
0.936067
0.0623473
-0.397755
2.90255
2.84901
7.05112
2.41348
1.7675
3.82031
-1.98028
0.475329
0.274986
0.138569
-1.38116
1.30465
1.08666
0.594372
4.57276
0.97576
1.00368
0.64448
-9.15416
1.88224
0.040206
-0.81477
1.3524
-3.80924
2.09047
0.463263
1.52818
-0.452757
1.75948
-5.02015
1.49469
-0.124795
0.616354
-4.46729
2.57038
-7.48038
2.71448
1.14806
0.0920777
-9.70305e-05
2.10844
4.00699
5.31417
-0.0469147
1.01455
1.91684
0.773916
0.825183
1.21009
-6.5412
0.922185
0.532506
1.08477
2.07742
0.532003
1.84834
0.0494473
1.77782
2.81821
1.96491
2.64326
3.38717
0.0921036
-2.72029
1.1274
3.0685
0.321964
-1.12502
0.906452
0.661477
1.55947
1.11423
-1.29114
0.692447
-0.0945983
1.51207
-2.65807
3.68824
2.41441
0.929239
-4.32858
0.479631
-1.3396
-6.82856
-2.77469
0.136976
-0.276448
1.60232
0.580729
-5.37558
-6.11457
1.05489
1.1529
-0.0445943
0.04047
-1.00567
1.46302
1.77088
-1.01487
6.0768
-1.95371
2.77565
0.389633
1.31659
2.1394
0.932493
4.32675
2.15701
-0.653603
-0.147123
2.04959
-4.39619
1.00723
1.16456
1.14556
0.969895
-3.02465
1.75517
-0.141257
3.82839
1.91572
0.406373
2.42797
1.60698
0.789414
1.63438
0.0915573
-0.284509
1.77165
0.506027
1.67522
4.66405
0.646259
1.28992
0.633345
0.80107
1.2792
8.41096
-1.51409
5.09338
2.49469
4.9144
3.60338
1.0109
-1.2129
-0.605898
4.40713
0.259616
5.03913
0.724621
5.29441
1.15776
1.98565
5.81488
1.28966
0.80248
-1.78459
2.59166
0.432716
0.554655
5.34083
2.74459
0.954009
0.709006
1.92451
-2.27262
0.409479
0.863433
0.616605
-3.68257
0.782746
-2.13102
2.59028
6.22909
1.38037
3.01998
2.24521
1.9599
1.02745
-2.36952
2.39396
1.12661
0.213944
0.516155
1.87353
-0.794332
-1.32671
-2.52222
3.30629
2.00291
1.20719
0.309905
-0.263879
-0.684226
2.54278
-2.31659
1.57466
-0.32227
1.51458
1.87482
0.624721
1.57039
2.14452
0.587402
0.926993
2.43792
0.571852
1.22951
5.96782
-0.486351
1.39682
3.10116
0.72493
3.85983
5.72376
0.584858
4.7047
1.55179
2.04486
4.65992
-1.08391
-3.16296
-0.410812
0.233532
3.26948
2.79814
2.59119
-0.764331
-3.27568
1.55086
7.68004
2.64595
0.680645
0.591715
-2.58938
-0.325489
1.16119
-0.301595
1.49797
0.317672
-0.691472
-1.21225
-1.40115
6.83634
1.19613
1.72846
2.72717
-1.33886
2.88244
1.89503
1.60952
1.97787
1.47561
-0.901632
-1.84654
-6.01786
2.47637
0.690791
0.0410836
-2.56867
0.87595
1.06818
3.13603
-0.72459
0.870772
1.02104
1.30051
-2.82473
-1.64676
0.96142
2.14742
-6.45325
1.1213
0.942108
0.103864
1.91125
0.83209
0.767096
1.05857
1.28764
0.350972
1.29559
2.47417
1.20473
0.514013
3.85229
-0.455676
-0.250942
0.356825
1.3817
8.82806
0.209723
0.222512
1.13756
1.60595
0.661852
0.285802
1.11125
0.609578
-0.226643
-1.54513
-5.45744
0.728875
1.37409
1.82738
2.83469
2.87031
1.91048
1.62777
-1.48685
0.868944
2.89357
5.72187
-2.03619
0.530119
-0.277503
1.37268
1.65872
1.42462
1.94721
0.442619
1.2537
8.73568
2.49784
0.325324
1.60728
0.238902
1.0074
1.33426
0.110342
0.310673
1.96312
2.74796
0.724204
3.9368
1.54813
1.21129
-2.75619
-2.70275
1.38637
-1.46653
2.35402
0.243881
8.46452
-1.24782
0.945752
2.28751
0.81812
0.686022
0.955167
1.52897
-0.116546
1.64842
-4.92159
0.313231
1.08765
-3.48927
-2.49612
2.62395
0.693698
2.02781
0.830333
-0.320256
-0.332968
-2.01085
1.23538
1.07348
1.77342
2.24901
1.40951
1.14718
1.4478
-6.51291
0.28103
-7.00116
0.501338
-1.20006
-0.275532
0.73507
1.70116
0.269689
3.13319
1.53286
1.79849
0.191625
-0.391013
1.85222
0.854369
5.02794
1.92102
-0.0974663
1.91045
-1.74117
0.763726
-0.437662
-2.37053
1.00867
1.7102
1.67212
2.15334
1.89195
2.92742
0.60177
1.49853
1.20592
2.20584
0.336087
1.90509
-1.303
-0.995571
1.28776
1.64252
0.59831
6.80327
1.63754
0.785033
0.42968
1.16353
-1.97858
1.03806
-1.46688
0.298912
-0.127658
0.0198415
1.52756
2.57761
0.981861
0.345769
1.07933
-0.955447
1.13566
1.09706
1.23023
-5.18832
2.2694
-3.76642
0.531406
-3.57469
0.965169
1.24876
2.45934
2.45837
4.14628
1.98675
2.07425
0.603253
1.54667
-0.0703827
1.42387
0.905657
1.45994
1.64727
1.49032
0.274129
0.797335
1.91914
0.169648
0.625553
1.18322
-1.69903
-4.03841
0.542737
1.34533
1.64753
1.23793
0.0376712
-2.49214
1.38454
1.73014
2.40307
-0.347044
1.34496
2.37475
0.595833
2.67556
-0.170367
1.6304
1.18867
-0.36397
2.2904
4.44204
0.61933
-0.744171
0.510826
1.66648
0.691699
1.51366
1.52669
0.783309
1.19227
1.6139
-5.31837
1.5061
1.72199
0.999878
0.810436
2.87402
0.454735
1.13348
-1.37696
0.935928
-6.80912
1.18214
1.72568
0.938655
1.75413
1.78085
0.168408
5.21741
-1.03696
0.263772
-0.58401
-5.88558
-4.65502
0.297899
0.371693
0.828248
2.93218
0.998488
1.39162
0.841072
2.06552
1.09397
0.952084
0.944567
0.790009
1.50959
0.750579
0.119193
2.35239
0.177184
5.3972
0.15125
0.809363
0.850486
0.91339
2.89912
0.590905
-0.965648
0.87905
-0.131802
7.307
9.50837
1.96598
3.08249
3.03622
-5.98175
-1.04588
0.792382
-0.311736
2.89
-5.28988
-0.524271
2.53564
0.22673
2.47255
1.84894
1.01018
2.09541
1.98038
0.597344
0.662435
1.53602
2.40427
3.43239
-0.793277
1.27112
0.990145
0.343335
0.629456
0.822235
-2.96092
2.90724
1.48785
-3.68541
-0.0440367
1.23449
-8.68298
2.55198
2.08676
0.502075
0.37518
5.35658
1.24264
0.655004
2.61963
0.740935
3.68076
1.27274
-1.0382
0.937694
-1.17449
0.564774
-1.5227
-1.28652
-8.74245
1.14854
0.571268
1.45016
1.81977
-6.35409
0.921052
1.51252
9.06079
1.56837
0.263
0.507753
0.719018
0.615291
-3.47665
1.60644
0.999567
1.0255
0.152309
0.651801
1.30306
0.483079
1.16364
4.57654
3.75217
-2.67866
-7.10303
3.64934
1.27519
-4.16849
0.0410335
0.000787438
1.41362
0.687622
2.91273
-3.43506
0.838646
1.6899
2.65454
-0.625728
0.338494
0.53629
-1.51917
0.857303
0.85551
-5.49177
4.09992
-0.572633
2.1203
-2.33814
-0.267621
0.868378
5.78577
0.736562
1.6078
-0.868322
3.24473
0.888417
0.574768
1.68284
1.45276
2.82264
1.53569
1.21709
4.90303
1.87695
0.067746
1.15103
1.51918
0.449511
0.812409
1.22377
1.04953
-4.09699
2.33901
0.484522
1.47904
1.65796
-2.91059
1.71951
1.50547
0.173763
1.99602
0.370013
0.0951029
1.16253
-1.475
2.39734
-0.0173328
-3.73733
0.765313
1.13379
1.83324
1.58367
-0.765781
0.622572
-0.243518
-0.0871092
1.46115
-0.34485
0.588992
8.25814
-0.416327
1.52714
1.3301
3.90223
0.949029
1.77719
3.05724
5.68782
0.688613
-2.24088
-3.83625
1.76594
1.33284
0.395039
-2.06539
-4.24521
0.790477
4.39455
1.16894
1.04114
2.78475
0.0398292
1.53526
1.5362
0.750731
1.29738
-1.38191
6.31952
-2.36564
-4.16121
1.74986
0.414535
1.56594
3.61551
1.35441
-5.0154
0.228391
3.70563
2.08105
2.38826
1.44272
7.27561
-1.08253
3.36797
1.26564
-3.36294
0.739722
1.17902
1.8744
0.419991
0.203192
2.50338
0.34811
0.51085
0.981718
1.39071
2.10122
1.39674
0.539158
0.954942
1.74124
1.0294
0.706817
-6.34709
0.620723
5.81627
-2.14396
4.22096
0.228193
1.29953
4.08777
0.638013
0.810301
-0.509252
1.18875
-2.44196
-3.31301
0.641243
1.04902
1.08372
2.81871
2.20596
4.22451
2.1927
0.871235
1.07777
0.847264
1.86127
2.31631
-8.18861
-0.157041
0.803285
1.55327
-1.37966
1.19872
2.14715
1.67787
3.47666
-0.00941037
3.0318
1.41178
0.653553
2.87283
3.35102
0.754202
-0.722363
1.10836
1.21093
8.4513
1.75602
-0.50251
2.07362
-1.50996
1.44977
0.566607
-1.41278
-1.19587
1.43275
0.815474
-2.46152
2.28858
0.359723
4.193
1.80223
2.99009
1.5312
1.10584
1.65644
-5.02097
3.85263
2.77377
6.00368
-0.302279
1.23101
-0.345474
0.83532
2.1108
1.5904
0.935524
1.21446
4.3278
3.47817
-1.16513
0.748652
0.890283
0.938815
-0.0197149
5.02729
0.935756
0.968259
0.62307
1.92717
1.52607
1.2028
1.2324
2.19343
3.34501
0.765712
-1.7167
0.187252
-0.731051
6.57689
1.29153
7.69504
0.228164
2.86623
1.11665
0.336755
2.41084
-0.0614813
0.90628
0.755857
-0.512061
5.87807
2.27203
-3.1639
1.66979
-0.554384
2.89166
1.25658
1.6529
1.13641
3.7916
0.892471
-0.803038
2.41593
5.00766
-0.386042
0.764067
2.21364
-2.29625
0.489718
2.16426
1.36178
0.603324
1.16374
0.805704
1.4312
0.655217
-7.82245
0.760306
1.6297
2.46338
2.20876
-6.21844
-0.468506
0.566957
-0.351496
1.46064
3.50111
-2.2743
0.688059
0.913484
0.599671
1.92775
1.48394
0.481228
0.375545
2.92509
1.04348
1.67735
1.71971
1.04137
0.507253
3.0117
0.504173
-5.47942
0.71834
0.917863
1.01826
-0.0936656
2.02928
-2.65254
0.461263
1.14114
1.99565
8.15195
3.98932
1.05444
-0.121199
-4.88407
-1.46271
0.730777
0.948048
-0.0448522
0.721847
9.28553
0.930549
0.00790869
-1.33417
0.700709
3.24732
1.15497
-9.19168
0.216821
-0.118215
1.98825
0.247519
0.243126
0.534983
-0.902657
1.25162
1.40961
-0.953546
0.818484
3.03443
0.781866
-3.61009
2.23205
5.08055
-7.14658
-2.69839
1.97376
2.57816
4.31796
1.83626
0.688138
-0.231689
-0.730406
0.36162
1.03886
0.322852
1.87536
1.25062
0.859668
0.745652
-3.3219
2.35741
0.251828
1.1733
1.67354
1.9527
1.37992
-0.468105
3.07641
7.20384
0.499278
-2.73391
-0.668979
-4.91367
0.537975
0.630118
3.04019
0.111978
0.437998
0.893467
1.92466
1.79442
3.64885
0.118398
0.699539
-0.151913
1.93555
0.653
0.403738
-0.952128
4.73835
1.01975
-3.3136
3.347
1.6762
0.352323
1.00516
6.79334
0.272834
-8.4769
-2.9882
-0.913303
0.87588
-8.81803
-0.0866343
1.30106
0.449149
7.29227
-0.329481
9.7107
2.06518
-2.95321
1.14931
-6.13559
0.635667
5.97091
1.06624
0.155241
0.755429
-0.760972
0.757269
1.44145
4.04252
-0.341329
-0.746832
0.950501
1.45527
3.13373
0.677314
0.212159
-0.873593
1.17846
1.00987
2.61876
1.62954
0.69468
1.33583
-5.00669
4.67185
-0.0254641
1.3755
0.329837
1.72423
0.724445
0.61321
0.482634
3.00093
1.32662
3.52799
0.9159
0.0184838
1.58595
4.57321
3.52227
1.92378
-0.178897
5.33529
0.161873
-0.0763725
1.11092
1.67884
0.20439
1.35961
1.69814
1.35692
4.30405
1.34496
1.01366
0.743478
1.95289
1.40994
1.62238
1.24237
4.20598
1.17299
2.03389
-0.985752
1.67712
2.17658
4.89119
1.24256
1.02158
-0.0792268
1.46223
0.311066
2.10076
2.1488
-1.00309
0.295934
4.80882
-1.03357
1.08479
-2.92739
4.81003
1.63469
1.22017
1.45687
-0.182431
0.743001
0.903228
-0.604692
1.04927
3.81569
2.312
1.39093
-0.844879
1.18448
1.6748
-0.568567
0.56018
-0.291085
1.3758
0.438685
1.53685
0.348278
1.94287
-1.42361
-1.85974
1.30499
-0.41744
4.23845
2.04041
-3.93471
-1.75258
-0.197609
1.6272
0.915913
0.894022
0.517829
0.765387
1.53909
0.944041
1.24457
-0.962879
1.06141
0.420129
2.87107
0.639627
8.08546
1.14536
4.79148
1.10436
3.03295
3.67398
-7.78057
0.348272
-4.82894
1.22767
-0.311687
-0.247854
0.107927
-2.02066
1.15703
0.195445
-0.490487
0.104999
1.07918
-1.1877
1.46839
0.697312
-0.270161
-0.255979
0.0950356
0.615868
0.148371
1.04317
1.30287
-0.0855185
1.72327
2.95424
0.576122
-6.17822
6.11477
0.279697
5.1389
-0.91705
1.83639
1.57477
0.965872
0.196512
0.104019
-0.120364
0.874697
1.48349
-5.92924
2.30557
5.22611
1.65175
-0.352812
-0.548691
1.49761
2.33733
0.0438081
2.5388
5.92311
4.31032
5.30218
-1.18897
0.970759
5.75429
2.96008
-1.24361
1.99425
1.12253
0.509194
1.55782
2.324
-0.0238896
0.14988
1.00225
1.00034
3.41761
0.526503
0.913837
-0.37327
1.90697
2.77737
0.213621
1.41225
-0.199527
0.787376
0.606468
0.259303
-0.531568
0.828482
0.39817
-0.998159
0.671313
1.31446
0.00619588
0.661461
0.56364
-0.0668762
-0.0528731
-0.188718
1.58458
-3.25892
1.44888
-0.283841
1.72169
1.37809
1.25576
1.8871
1.81467
0.573532
0.864883
2.58493
1.48673
-5.02976
3.0096
3.50428
-0.0792851
-0.25454
0.966772
2.30711
1.29171
2.95706
0.76552
1.36156
1.12508
1.11751
1.84053
-2.24546
0.169263
-1.28382
-1.75772
1.38045
7.89238
-1.73538
0.766398
-0.269982
0.297324
0.28646
-0.694519
2.87726
-0.582008
1.16436
0.608731
4.74149
1.50852
2.50802
1.27084
-5.0443
1.25511
-1.06917
-0.666252
0.337621
-1.35787
2.03548
1.42805
6.45173
1.49491
2.17545
0.504828
-1.11115
-3.49299
8.33014
1.65542
0.928373
0.847382
0.761989
0.79972
2.3749
1.06717
0.302278
1.72496
1.44048
2.17526
2.91629
0.904898
2.7157
0.728029
2.82574
4.75484
1.39095
2.57627
-1.54718
4.64045
-4.80539
0.739425
1.40638
2.07804
-1.87645
1.53285
-0.0810982
1.47806
0.0299036
1.00502
1.33793
2.3814
1.27192
1.51138
1.38878
0.305549
0.0180994
2.88047
-0.42059
1.29852
4.51349
0.98952
0.372839
2.67569
0.0550805
1.79004
5.18701
2.10132
1.57157
3.69
1.08126
-0.426577
2.11816
1.46706
2.79589
0.953832
3.00679
1.31944
2.27103
1.39346
-0.108909
0.874589
-1.12316
1.42313
6.46469
0.199868
6.04922
1.13124
1.42655
2.45313
0.672518
3.90589
-2.03797
1.18985
-0.578199
3.38935
0.516792
0.155304
1.26244
0.265893
2.91867
0.0635828
3.25551
2.05513
1.20248
0.145908
0.828515
0.752841
1.12313
1.89969
4.22206
0.514673
0.59991
0.0120825
0.999847
1.96327
1.98793
1.79049
0.377486
-0.50365
4.05237
-1.89664
1.51139
0.352101
2.53241
5.71774
0.972844
-2.28082
2.00186
-0.151227
1.5761
1.83463
0.60011
1.41931
3.77546
6.621
3.2005
1.01896
-1.02394
1.3926
-0.638399
7.46959
-1.83447
-9.44773
4.89362
0.288579
0.539287
0.996942
0.846329
5.70648
-0.88474
0.563006
-1.31858
1.7795
0.369715
-1.45691
0.966785
-0.40655
1.49352
-0.173184
1.87173
0.741669
-6.65143
3.56174
1.70697
0.335328
0.652724
-6.2719
0.621646
-1.08884
1.16643
3.46786
2.59359
1.55605
0.529995
1.56298
-0.0788344
0.116555
1.35921
0.759427
3.28771
1.53064
1.32383
-2.96856
0.885285
8.19858
0.831359
-1.06445
1.05357
4.82207
1.58867
0.441349
1.51927
1.21299
0.874972
8.02439
1.05583
1.03636
-1.54815
3.26783
-3.62697
0.419777
2.86764
2.55105
1.13023
2.0113
1.58863
-1.6623
1.73977
1.0284
-3.4821
-3.6277
0.833434
-0.203225
-0.20236
-0.265927
0.071443
0.599837
0.532767
-0.32535
-0.0397229
1.65269
0.810963
0.506766
3.94282
0.455933
-1.23269
3.76382
3.44263
-2.34902
-0.401807
2.44829
1.61888
4.9272
0.895177
0.551342
-2.44874
1.26719
1.12584
-0.288319
1.02539
0.564465
1.30211
0.906065
0.317433
0.0779513
3.44418
0.1835
-0.114736
0.995958
0.386643
1.41504
0.131315
1.49469
1.91974
0.842648
5.69564
0.180308
1.01978
-5.46855
1.90664
-0.515555
1.97839
-6.78765
4.19147
1.12082
1.25312
-0.330933
2.59786
3.99763
0.847194
-4.70519
-0.604894
1.22739
-0.804184
1.96118
-0.427745
-1.08203
1.66198
0.134274
9.14208
0.370166
-0.66374
1.53475
2.45705
1.78421
0.447904
-8.74584
-0.872885
0.664787
1.72935
1.51699
1.21284
1.12717
7.49728
0.584037
4.30209
2.05612
-1.36486
-2.77876
-1.06688
-3.09143
5.05337
1.09195
2.28319
-1.27458
2.37134
-0.778791
0.995448
-0.273666
1.53924
1.18969
0.806882
2.07739
1.33799
2.21406
3.25704
3.54592
2.48258
2.33468
0.672711
-0.466995
1.84868
0.74308
3.16182
1.92381
5.5435
1.48099
-0.681851
2.23494
2.10123
-0.195931
5.59919
1.0667
1.54197
-0.067455
0.424828
1.51752
1.76964
1.25822
4.34095
0.844156
0.925767
1.41717
1.51273
-1.84957
2.11785
2.01741
0.794838
1.23012
0.020978
0.989147
4.2668
0.376918
-1.51992
-0.557405
1.71982
0.909084
1.24101
0.742531
-2.55129
2.88472
-0.380354
1.6678
-0.495
0.729778
5.9299
1.29213
1.91828
0.576049
0.927201
0.171606
0.082826
-0.386746
3.68863
2.73813
3.72189
2.33808
1.54372
0.879109
4.06397
-0.030923
0.683773
0.623162
1.38088
-1.56812
-1.27207
4.48045
-1.58656
1.10724
3.38496
0.102905
-0.026284
2.63624
4.17361
1.22839
0.836584
0.269926
-0.320926
1.78256
0.0978905
1.08401
-0.364687
0.67923
2.74762
3.60107
0.183156
1.00513
2.24504
-2.46869
2.08544
1.07746
1.4835
3.25381
-0.95891
1.04674
1.44214
-0.948546
1.49825
4.24759
-1.05979
0.676011
2.78326
1.23589
0.0744313
1.57868
1.32332
0.352427
2.63298
1.10103
5.95482
6.22236
7.41577
2.12805
1.89954
1.00855
2.4505
2.44558
3.57919
-7.54133
2.03642
1.32028
-0.19889
-3.22984
0.116158
2.13394
2.92973
-0.210201
2.03319
-0.652597
-0.320413
0.00804396
2.35283
-1.34726
-2.87143
0.805664
1.74368
1.97205
-0.028987
3.85468
-2.15158
1.31771
-5.15304
2.07565
-0.107261
0.560536
-1.27816
1.44388
1.26595
2.26145
-2.42103
0.0419714
0.734268
0.447104
1.07322
0.635589
3.39054
-0.273447
0.532055
0.285479
2.11225
1.16008
0.20173
-4.39176
-2.504
1.90333
2.73138
2.89806
1.30859
0.00271089
1.50108
1.15814
1.7589
0.682221
0.278559
0.544604
0.991367
0.633305
0.369419
0.370869
0.975243
9.10933
1.02512
0.80417
2.93786
2.03413
1.19966
0.854571
-0.836069
1.07218
0.793221
0.338121
2.01603
2.06493
0.810212
4.3619
3.87756
1.50217
-2.32124
0.473239
1.30624
2.38789
0.724622
-0.0984935
2.44017
0.381439
0.692567
-0.0927184
1.46297
3.78931
0.543253
-0.513642
0.868342
-0.169843
1.69909
1.14215
-0.356851
6.14977
0.884174
1.73424
5.39916
1.93181
4.22165
-4.94697
1.4237
-0.777791
0.62445
0.705355
1.83292
-0.163479
-3.41169
-0.589764
7.8146
-0.979952
0.825457
0.873922
-1.69601
0.678871
0.949279
3.8997
0.474447
-0.44252
1.17441
0.885828
2.04432
1.15701
1.30787
0.962248
2.00746
1.72387
1.16207
1.02409
2.87872
-1.5155
0.997533
2.52589
4.14276
0.450364
0.862767
4.20664
0.984333
-4.46547
4.60701
0.148855
1.60384
1.0836
0.136263
-0.014233
3.77639
6.71825
5.74774
1.01568
2.37498
2.45408
-1.75581
0.485815
-0.916118
0.528995
-4.27701
0.535234
2.00414
1.18558
1.36027
-0.183552
1.18495
0.983226
0.193306
-9.07852
1.2731
0.770046
0.962935
0.984392
0.86348
2.73521
1.10985
0.739952
0.425854
-1.07997
-1.98548
1.08903
-0.0853767
1.58181
1.29826
2.03939
1.5438
0.366515
-1.18475
-0.144831
3.25867
0.97908
0.981521
4.3998
-0.417692
2.21547
3.82815
0.801312
-0.0243901
3.53404
0.333375
6.90312
5.24652
0.310731
-0.275961
3.24512
1.392
2.18318
-0.81358
-6.36467
0.316222
-6.29662
1.57522
1.57199
2.91037
0.22336
1.56869
1.59587
0.162789
1.46387
1.70362
0.454683
0.279005
-0.791986
-0.21984
-0.868205
0.530579
-3.36845
6.57343
1.91456
0.884668
-0.780844
0.46984
2.34651
1.21215
1.39398
0.18145
4.78174
0.585893
3.08848
-8.97137
-4.06691
1.6693
2.28594
0.763959
1.90262
-2.28739
-3.56582
1.55396
1.06761
2.2687
5.58609
1.42634
3.76605
4.24986
-0.238562
0.629686
-0.502761
0.975464
1.00571
2.95089
-0.669354
-0.281062
-0.524346
2.16985
-0.252169
3.106
-0.909195
1.2132
6.17332
1.02292
1.57257
2.45104
1.46274
1.02294
1.78372
0.217
0.478567
1.69763
1.25474
3.4208
1.42482
1.71175
0.45531
0.403539
-5.08051
0.16042
5.21306
1.27988
-1.12583
0.305219
1.80994
3.82767
1.51748
1.40984
0.025431
1.64281
3.20059
1.08839
1.03452
-4.50852
-7.97045
0.412904
-0.327309
0.954351
-6.23919
0.404116
0.684771
1.90121
0.700147
0.12017
6.71677
8.80817
6.22484
-1.31694
0.0271391
1.77347
8.63929
0.969268
2.38313
1.25254
0.0229575
0.909696
-1.07878
0.33539
3.06736
-0.841158
2.54093
-0.232215
0.992509
0.452789
0.282836
0.266932
3.97039
-1.07893
0.743612
1.26438
3.08916
1.3156
-1.07909
2.33919
-0.78275
2.38656
0.744787
1.06703
5.50184
3.00039
2.78718
2.16037
1.38776
0.320385
2.92195
-3.81458
1.80079
2.44238
-0.396801
-0.81846
1.25075
2.89136
0.499597
1.40154
-6.27005
0.966918
0.18101
1.01333
0.728049
1.94349
0.852481
0.0128382
-0.257109
1.12242
5.15888
2.79008
-2.11872
0.595023
-0.462422
1.5173
0.989897
-2.27229
0.422853
1.49093
0.368374
-1.78441
-7.74854
-2.62793
0.195783
1.24162
1.33386
0.986795
1.11882
0.0172554
1.46037
1.4065
0.507123
1.19709
3.32767
1.82676
1.22152
1.06168
8.62551
-0.441296
0.29867
-1.64483
1.98389
2.43689
0.847094
1.72665
1.55578
-2.94753
0.0288963
-2.21529
1.19722
-2.53417
0.365983
2.78806
-7.43642
-0.799514
2.62622
0.808054
1.69712
1.2877
4.55314
0.123911
0.57705
0.878719
1.21806
1.35351
-0.697787
0.905037
0.770186
0.310456
2.49955
1.54685
1.40019
1.94565
0.428848
3.72042
0.318178
9.0773
2.43063
0.947414
-0.0388082
1.72165
0.737425
0.261981
-0.943441
0.3403
2.54072
6.88722
-2.09389
0.129285
-0.391335
1.5439
1.72273
2.7922
0.789464
0.832162
1.03608
3.54913
-1.38782
1.40487
-0.516824
0.44184
1.32231
1.53159
-1.9588
-0.179675
2.0291
0.315041
-0.942152
0.88846
0.445569
0.990925
0.745665
2.81764
2.01331
0.948647
3.53137
0.464522
0.493758
-0.0446863
0.838822
0.103459
3.67883
1.38246
1.23316
-5.69419
7.84006
0.522948
6.64904
0.71795
3.37976
-0.527781
3.89013
-5.15111
0.564618
-0.14082
0.227994
1.90789
1.88828
4.88241
1.94296
1.56588
5.10503
0.766399
-5.58367
1.22437
0.983091
1.43689
-0.536367
-0.447504
2.13777
-0.321143
-8.427
1.43401
-0.772112
0.928049
2.54798
1.94104
0.837696
-7.0673
3.09253
5.17062
5.13257
0.741033
3.79517
0.680333
1.62649
0.421599
1.31765
0.350222
0.228014
2.95035
2.35624
0.441902
0.684684
1.37896
1.76879
1.3068
1.63582
1.80876
2.12082
2.82523
-0.897565
0.971102
-7.49731
0.338231
0.314896
0.304458
0.249118
0.162278
0.720275
1.64551
1.23903
7.31264
-4.30283
1.67705
0.528595
2.27803
-0.236047
8.36438
-0.486309
2.52501
9.04546
1.3866
0.0298722
-0.192254
6.20557
2.22826
1.66006
1.60739
-0.898717
0.751637
2.20551
2.9191
1.52532
-9.80194
-0.0825411
0.452473
0.615068
-2.21806
2.512
0.218522
4.03013
-4.11649
2.5447
0.568697
0.778667
2.50373
-1.35713
1.07153
1.82879
1.18633
0.991819
1.58504
4.13732
1.90168
0.326626
2.17449
-0.352031
0.816422
1.8434
-0.641558
0.382489
0.470055
1.02662
1.28507
0.988592
0.487746
-1.74836
2.375
0.648266
2.28161
0.845312
-6.38433
1.60749
4.78863
-2.616
1.46833
0.751253
1.40385
0.105327
4.15995
0.690949
0.546231
0.824016
1.18909
-1.30739
-0.396109
3.13135
1.45154
9.12414
1.30586
6.18869
1.69387
0.645927
1.68567
1.60868
5.83335
2.909
1.67368
0.119045
1.46316
-0.811282
0.286251
1.3558
2.56055
1.35118
2.20945
1.22916
0.383213
-0.1087
1.50195
-0.506447
1.55261
-3.45645
2.68225
1.0938
-2.15663
0.859675
1.45255
0.503403
0.0259595
1.04203
1.15688
2.04562
1.8001
-4.42978
2.29922
2.21918
0.96214
2.98942
2.79531
0.556462
3.04643
-0.688442
-1.21941
-1.23439
3.5437
1.55606
0.123352
1.13278
1.08509
-3.01171
-4.28141
2.23732
0.64132
0.975617
0.962754
-2.10453
0.748498
1.47493
0.859624
0.970127
2.31828
0.681733
2.23906
1.04624
-7.72896
1.6342
1.45538
-1.04896
0.721729
1.8134
0.452388
5.285
0.471324
1.57782
1.99439
0.502199
-1.24997
1.16293
2.23569
0.239085
2.05006
1.71547
-2.3074
1.31414
1.26904
3.58859
0.8282
-5.23439
1.09383
0.846186
3.29039
0.904943
0.724928
-1.57274
0.418139
3.07716
-1.28229
5.89652
-0.969294
-4.86397
1.37194
1.65358
-6.87251
-1.24535
-1.47849
1.93163
3.68995
1.7024
0.331334
9.3987
1.06486
-7.0441
3.70393
0.734094
0.476649
0.39668
-0.581693
0.787282
1.24372
2.46475
0.49953
1.26304
1.05709
1.44056
-1.9765
0.760511
1.99556
2.51789
4.96592
1.34945
1.39125
3.24415
-0.0863033
-0.561307
-1.01632
0.773304
0.0259272
0.730089
1.81996
2.57485
1.01641
1.49566
-8.41902
-0.317332
0.775891
2.23271
-0.232417
4.07749
2.15074
-3.45382
0.936662
2.91928
-2.73733
1.60904
0.299116
-0.814344
-6.66961
-9.40992
0.997261
1.23672
1.42086
0.468833
1.64147
6.35021
1.64037
-0.732625
-0.0313571
0.817587
1.82381
-0.249091
-4.89866
0.468313
-2.93093
2.48546
1.61356
1.46046
2.67339
2.57761
-0.0396408
2.72312
0.523346
2.74758
-0.346571
-3.16908
1.82344
0.493137
-0.0274379
-0.603462
1.61454
1.34155
1.58869
0.828441
1.09042
5.1764
-0.633177
9.6734
1.66778
-2.58317
2.4274
0.300096
2.63414
0.516683
0.708258
1.2745
1.17944
1.04958
-2.99133
3.84956
0.593064
-0.913588
0.79252
-1.2354
0.330492
0.90944
1.57384
1.17191
1.4186
1.00145
1.28321
1.14875
1.1562
0.541289
1.04016
-0.881713
1.51861
5.51631
-0.415635
4.22969
6.22524
-0.62453
9.24379
0.314704
-2.05713
0.588841
3.15031
-1.10722
-1.12249
1.16447
1.95609
4.09562
9.87655
0.428988
1.34048
0.145482
0.167785
0.83344
-0.650242
-4.44761
0.359771
0.461443
3.22992
1.67894
0.0720306
1.52808
0.954963
-0.156744
-0.075638
3.25522
1.40706
7.49341
4.57874
0.499597
1.04982
1.06587
0.516936
5.97314
0.959392
0.994499
1.113
-0.484188
6.80241
4.16473
0.966735
1.28035
3.12981
0.517103
0.589166
1.80637
1.35232
0.658076
0.963996
1.34797
-1.41207
0.622944
0.63167
-0.33518
0.113314
1.38858
0.908767
0.54736
2.23943
-3.52664
-1.96267
-1.54224
1.10114
0.273333
7.56474
