0.266869
5.26076
7.60294
2.61658
6.8318
2.03662
9.4687
0.433165
0.201072
9.41341
1.19825
8.93109
4.77833
9.37631
7.5634
8.12824
1.4056
3.99414
9.5709
8.11671
7.61609
3.66815
0.627497
6.33514
4.77381
3.35956
4.18095
9.1943
8.53925
9.09388
0.890014
8.46388
2.50762
5.6079
1.99851
9.00669
5.49355
0.0493085
8.72861
1.67927
3.5314
2.24128
9.17716
0.589667
0.538828
6.08659
7.32063
7.77229
8.86391
5.65849
2.20479
5.89183
4.04249
2.08812
5.05238
5.3952
7.19917
6.40443
9.24544
8.0355
2.64893
0.512453
2.79579
8.86988
6.0676
8.09617
2.37741
7.18851
7.30955
1.63971
8.53294
3.18205
0.779787
5.87627
2.45384
1.74185
5.20728
8.79929
9.72823
2.37101
